             0.000000                0.000169
             0.019531                0.002454
             0.019531                0.002454
             0.039063                0.004908
             0.039063                0.004908
             0.058594                0.007361
             0.058594                0.007361
             0.078125                0.009814
             0.078125                0.009814
             0.097656                0.012264
             0.097656                0.012264
             0.117188                0.014713
             0.117188                0.014713
             0.136719                0.017159
             0.136719                0.017159
             0.156250                0.019603
             0.156250                0.019603
             0.175781                0.022044
             0.175781                0.022044
             0.195313                0.024482
             0.195313                0.024482
             0.214844                0.026916
             0.214844                0.026916
             0.234375                0.029346
             0.234375                0.029346
             0.253906                0.031772
             0.253906                0.031772
             0.273438                0.034192
             0.273438                0.034192
             0.292969                0.036608
             0.292969                0.036608
             0.312500                0.039018
             0.312500                0.039018
             0.332031                0.041422
             0.332031                0.041422
             0.351563                0.043820
             0.351563                0.043820
             0.371094                0.046212
             0.371094                0.046212
             0.390625                0.048596
             0.390625                0.048596
             0.410156                0.050973
             0.410156                0.050973
             0.429688                0.053343
             0.429688                0.053343
             0.449219                0.055704
             0.449219                0.055704
             0.468750                0.058057
             0.468750                0.058057
             0.488281                0.060401
             0.488281                0.060401
             0.507813                0.062737
             0.507813                0.062737
             0.527344                0.065062
             0.527344                0.065062
             0.546875                0.067378
             0.546875                0.067378
             0.566406                0.069684
             0.566406                0.069684
             0.585938                0.071979
             0.585938                0.071979
             0.605469                0.074264
             0.605469                0.074264
             0.625000                0.076537
             0.625000                0.076537
             0.644531                0.078799
             0.644531                0.078799
             0.664063                0.081049
             0.664063                0.081049
             0.683594                0.083287
             0.683594                0.083287
             0.703125                0.085512
             0.703125                0.085512
             0.722656                0.087724
             0.722656                0.087724
             0.742188                0.089923
             0.742188                0.089923
             0.761719                0.092109
             0.761719                0.092109
             0.781250                0.094281
             0.781250                0.094281
             0.800781                0.096438
             0.800781                0.096438
             0.820313                0.098581
             0.820313                0.098581
             0.839844                0.100709
             0.839844                0.100709
             0.859375                0.102822
             0.859375                0.102822
             0.878906                0.104920
             0.878906                0.104920
             0.898438                0.107002
             0.898438                0.107002
             0.917969                0.109067
             0.917969                0.109067
             0.937500                0.111117
             0.937500                0.111117
             0.957031                0.113149
             0.957031                0.113149
             0.976563                0.115165
             0.976563                0.115165
             0.996094                0.117163
             0.996094                0.117163
             1.015625                0.119144
             1.015625                0.119144
             1.035156                0.121107
             1.035156                0.121107
             1.054688                0.123051
             1.054688                0.123051
             1.074219                0.124977
             1.074219                0.124977
             1.093750                0.126885
             1.093750                0.126885
             1.113281                0.128773
             1.113281                0.128773
             1.132813                0.130642
             1.132813                0.130642
             1.152344                0.132491
             1.152344                0.132491
             1.171875                0.134320
             1.171875                0.134320
             1.191406                0.136130
             1.191406                0.136130
             1.210938                0.137919
             1.210938                0.137919
             1.230469                0.139687
             1.230469                0.139687
             1.250000                0.141434
             1.250000                0.141434
             1.269531                0.143160
             1.269531                0.143160
             1.289063                0.144865
             1.289063                0.144865
             1.308594                0.146547
             1.308594                0.146547
             1.328125                0.148208
             1.328125                0.148208
             1.347656                0.149847
             1.347656                0.149847
             1.367188                0.151464
             1.367188                0.151464
             1.386719                0.153057
             1.386719                0.153057
             1.406250                0.154628
             1.406250                0.154628
             1.425781                0.156176
             1.425781                0.156176
             1.445313                0.157701
             1.445313                0.157701
             1.464844                0.159202
             1.464844                0.159202
             1.484375                0.160679
             1.484375                0.160679
             1.503906                0.162132
             1.503906                0.162132
             1.523438                0.163561
             1.523438                0.163561
             1.542969                0.164966
             1.542969                0.164966
             1.562500                0.166347
             1.562500                0.166347
             1.582031                0.167703
             1.582031                0.167703
             1.601563                0.169034
             1.601563                0.169034
             1.621094                0.170340
             1.621094                0.170340
             1.640625                0.171620
             1.640625                0.171620
             1.660156                0.172876
             1.660156                0.172876
             1.679688                0.174106
             1.679688                0.174106
             1.699219                0.175310
             1.699219                0.175310
             1.718750                0.176489
             1.718750                0.176489
             1.738281                0.177642
             1.738281                0.177642
             1.757813                0.178769
             1.757813                0.178769
             1.777344                0.179869
             1.777344                0.179869
             1.796875                0.180944
             1.796875                0.180944
             1.816406                0.181992
             1.816406                0.181992
             1.835938                0.183014
             1.835938                0.183014
             1.855469                0.184009
             1.855469                0.184009
             1.875000                0.184978
             1.875000                0.184978
             1.894531                0.185920
             1.894531                0.185920
             1.914063                0.186836
             1.914063                0.186836
             1.933594                0.187725
             1.933594                0.187724
             1.953125                0.188566
             1.953125                0.188582
             1.972656                0.189713
             1.972656                0.189480
             1.992188                0.200370
             1.992188                0.199527
             2.011719                1.201069
             2.011719                1.201272
             2.031250                1.190953
             2.031250                1.190912
             2.050781                1.192667
             2.050781                1.192676
             2.070313                1.193181
             2.070313                1.193181
             2.089844                1.193871
             2.089844                1.193871
             2.109375                1.194523
             2.109375                1.194523
             2.128906                1.195145
             2.128906                1.195145
             2.148438                1.195741
             2.148438                1.195741
             2.167969                1.196311
             2.167969                1.196311
             2.187500                1.196855
             2.187500                1.196855
             2.207031                1.197373
             2.207031                1.197373
             2.226563                1.197865
             2.226563                1.197865
             2.246094                1.198331
             2.246094                1.198331
             2.265625                1.198772
             2.265625                1.198772
             2.285156                1.199188
             2.285156                1.199188
             2.304688                1.199579
             2.304688                1.199579
             2.324219                1.199946
             2.324219                1.199946
             2.343750                1.200288
             2.343750                1.200288
             2.363281                1.200606
             2.363281                1.200606
             2.382813                1.200900
             2.382813                1.200900
             2.402344                1.201170
             2.402344                1.201170
             2.421875                1.201418
             2.421875                1.201418
             2.441406                1.201643
             2.441406                1.201643
             2.460938                1.201846
             2.460938                1.201846
             2.480469                1.202028
             2.480469                1.202028
             2.500000                1.202187
             2.500000                1.202187
             2.519531                1.202327
             2.519531                1.202327
             2.539063                1.202446
             2.539063                1.202446
             2.558594                1.202545
             2.558594                1.202545
             2.578125                1.202626
             2.578125                1.202626
             2.597656                1.202688
             2.597656                1.202688
             2.617188                1.202732
             2.617188                1.202732
             2.636719                1.202760
             2.636719                1.202760
             2.656250                1.202771
             2.656250                1.202771
             2.675781                1.202766
             2.675781                1.202766
             2.695313                1.202747
             2.695313                1.202747
             2.714844                1.202715
             2.714844                1.202715
             2.734375                1.202669
             2.734375                1.202669
             2.753906                1.202611
             2.753906                1.202611
             2.773438                1.202543
             2.773438                1.202543
             2.792969                1.202464
             2.792969                1.202464
             2.812500                1.202376
             2.812500                1.202376
             2.832031                1.202281
             2.832031                1.202281
             2.851563                1.202179
             2.851563                1.202179
             2.871094                1.202072
             2.871094                1.202072
             2.890625                1.201960
             2.890625                1.201960
             2.910156                1.201845
             2.910156                1.201845
             2.929688                1.201729
             2.929688                1.201729
             2.949219                1.201613
             2.949219                1.201613
             2.968750                1.201498
             2.968750                1.201498
             2.988281                1.201386
             2.988281                1.201386
             3.007813                1.201278
             3.007813                1.201278
             3.027344                1.201176
             3.027344                1.201176
             3.046875                1.201081
             3.046875                1.201081
             3.066406                1.200996
             3.066406                1.200996
             3.085938                1.200922
             3.085938                1.200922
             3.105469                1.200860
             3.105469                1.200860
             3.125000                1.200814
             3.125000                1.200814
             3.144531                1.200784
             3.144531                1.200784
             3.164063                1.200772
             3.164063                1.200772
             3.183594                1.200781
             3.183594                1.200781
             3.203125                1.200813
             3.203125                1.200813
             3.222656                1.200870
             3.222656                1.200870
             3.242188                1.200954
             3.242188                1.200954
             3.261719                1.201067
             3.261719                1.201067
             3.281250                1.201212
             3.281250                1.201212
             3.300781                1.201391
             3.300781                1.201391
             3.320313                1.201606
             3.320313                1.201606
             3.339844                1.201860
             3.339844                1.201860
             3.359375                1.202155
             3.359375                1.202155
             3.378906                1.202494
             3.378906                1.202494
             3.398438                1.202880
             3.398438                1.202880
             3.417969                1.203315
             3.417969                1.203315
             3.437500                1.203802
             3.437500                1.203802
             3.457031                1.204343
             3.457031                1.204343
             3.476563                1.204942
             3.476563                1.204942
             3.496094                1.205601
             3.496094                1.205601
             3.515625                1.206323
             3.515625                1.206323
             3.535156                1.207111
             3.535156                1.207111
             3.554688                1.207968
             3.554688                1.207968
             3.574219                1.208897
             3.574219                1.208897
             3.593750                1.209900
             3.593750                1.209900
             3.613281                1.210981
             3.613281                1.210981
             3.632813                1.212143
             3.632813                1.212143
             3.652344                1.213389
             3.652344                1.213389
             3.671875                1.214722
             3.671875                1.214722
             3.691406                1.216144
             3.691406                1.216144
             3.710938                1.217659
             3.710938                1.217659
             3.730469                1.219271
             3.730469                1.219271
             3.750000                1.220981
             3.750000                1.220981
             3.769531                1.222793
             3.769531                1.222793
             3.789063                1.224710
             3.789063                1.224710
             3.808594                1.226736
             3.808594                1.226736
             3.828125                1.228872
             3.828125                1.228872
             3.847656                1.231122
             3.847656                1.231122
             3.867188                1.233489
             3.867188                1.233489
             3.886719                1.235975
             3.886719                1.235975
             3.906250                1.238584
             3.906250                1.238584
             3.925781                1.241317
             3.925781                1.241318
             3.945313                1.244181
             3.945313                1.244176
             3.964844                1.247101
             3.964844                1.247178
             3.984375                1.249094
             3.984375                1.249015
             4.003906                0.215063
             4.003906                0.214666
             4.023438                0.258200
             4.023438                0.258250
             4.042969                0.260249
             4.042969                0.260234
             4.062500                0.264223
             4.062500                0.264225
             4.082031                0.267993
             4.082031                0.267993
             4.101563                0.271962
             4.101563                0.271962
             4.121094                0.276080
             4.121094                0.276080
             4.140625                0.280347
             4.140625                0.280347
             4.160156                0.284764
             4.160156                0.284764
             4.179688                0.289334
             4.179688                0.289334
             4.199219                0.294057
             4.199219                0.294057
             4.218750                0.298935
             4.218750                0.298935
             4.238281                0.303968
             4.238281                0.303968
             4.257813                0.309158
             4.257813                0.309158
             4.277344                0.314504
             4.277344                0.314504
             4.296875                0.320007
             4.296875                0.320007
             4.316406                0.325667
             4.316406                0.325667
             4.335938                0.331484
             4.335938                0.331484
             4.355469                0.337458
             4.355469                0.337458
             4.375000                0.343589
             4.375000                0.343589
             4.394531                0.349874
             4.394531                0.349874
             4.414063                0.356315
             4.414063                0.356315
             4.433594                0.362909
             4.433594                0.362909
             4.453125                0.369655
             4.453125                0.369655
             4.472656                0.376552
             4.472656                0.376552
             4.492188                0.383597
             4.492188                0.383597
             4.511719                0.390788
             4.511719                0.390788
             4.531250                0.398124
             4.531250                0.398124
             4.550781                0.405601
             4.550781                0.405601
             4.570313                0.413216
             4.570313                0.413216
             4.589844                0.420966
             4.589844                0.420966
             4.609375                0.428849
             4.609375                0.428849
             4.628906                0.436859
             4.628906                0.436859
             4.648438                0.444994
             4.648438                0.444994
             4.667969                0.453249
             4.667969                0.453249
             4.687500                0.461619
             4.687500                0.461619
             4.707031                0.470099
             4.707031                0.470099
             4.726563                0.478685
             4.726563                0.478685
             4.746094                0.487371
             4.746094                0.487371
             4.765625                0.496152
             4.765625                0.496152
             4.785156                0.505022
             4.785156                0.505022
             4.804688                0.513975
             4.804688                0.513975
             4.824219                0.523004
             4.824219                0.523004
             4.843750                0.532102
             4.843750                0.532102
             4.863281                0.541264
             4.863281                0.541264
             4.882813                0.550481
             4.882813                0.550481
             4.902344                0.559747
             4.902344                0.559747
             4.921875                0.569053
             4.921875                0.569053
             4.941406                0.578393
             4.941406                0.578393
             4.960938                0.587758
             4.960938                0.587758
             4.980469                0.597140
             4.980469                0.597140
             5.000000                0.606531
             5.000000                0.606531
             5.019531                0.615921
             5.019531                0.615921
             5.039063                0.625303
             5.039063                0.625303
             5.058594                0.634667
             5.058594                0.634667
             5.078125                0.644004
             5.078125                0.644004
             5.097656                0.653305
             5.097656                0.653305
             5.117188                0.662561
             5.117188                0.662561
             5.136719                0.671763
             5.136719                0.671763
             5.156250                0.680899
             5.156250                0.680899
             5.175781                0.689962
             5.175781                0.689962
             5.195313                0.698941
             5.195313                0.698941
             5.214844                0.707826
             5.214844                0.707826
             5.234375                0.716608
             5.234375                0.716608
             5.253906                0.725277
             5.253906                0.725277
             5.273438                0.733822
             5.273438                0.733822
             5.292969                0.742234
             5.292969                0.742234
             5.312500                0.750504
             5.312500                0.750504
             5.332031                0.758620
             5.332031                0.758620
             5.351563                0.766573
             5.351563                0.766573
             5.371094                0.774354
             5.371094                0.774354
             5.390625                0.781952
             5.390625                0.781952
             5.410156                0.789359
             5.410156                0.789359
             5.429688                0.796565
             5.429688                0.796565
             5.449219                0.803559
             5.449219                0.803559
             5.468750                0.810334
             5.468750                0.810334
             5.488281                0.816880
             5.488281                0.816880
             5.507813                0.823188
             5.507813                0.823188
             5.527344                0.829249
             5.527344                0.829249
             5.546875                0.835055
             5.546875                0.835055
             5.566406                0.840597
             5.566406                0.840597
             5.585938                0.845869
             5.585938                0.845869
             5.605469                0.850861
             5.605469                0.850861
             5.625000                0.855566
             5.625000                0.855566
             5.644531                0.859977
             5.644531                0.859977
             5.664063                0.864087
             5.664063                0.864087
             5.683594                0.867890
             5.683594                0.867890
             5.703125                0.871378
             5.703125                0.871378
             5.722656                0.874547
             5.722656                0.874547
             5.742188                0.877390
             5.742188                0.877390
             5.761719                0.879902
             5.761719                0.879902
             5.781250                0.882079
             5.781250                0.882079
             5.800781                0.883915
             5.800781                0.883915
             5.820313                0.885406
             5.820313                0.885406
             5.839844                0.886549
             5.839844                0.886549
             5.859375                0.887340
             5.859375                0.887340
             5.878906                0.887777
             5.878906                0.887777
             5.898438                0.887856
             5.898438                0.887856
             5.917969                0.887576
             5.917969                0.887576
             5.937500                0.886935
             5.937500                0.886935
             5.957031                0.885931
             5.957031                0.885931
             5.976563                0.884564
             5.976563                0.884564
             5.996094                0.882833
             5.996094                0.882833
             6.015625                0.880738
             6.015625                0.880738
             6.035156                0.878280
             6.035156                0.878280
             6.054688                0.875459
             6.054688                0.875459
             6.074219                0.872278
             6.074219                0.872278
             6.093750                0.868736
             6.093750                0.868736
             6.113281                0.864838
             6.113281                0.864838
             6.132813                0.860585
             6.132813                0.860585
             6.152344                0.855980
             6.152344                0.855980
             6.171875                0.851026
             6.171875                0.851026
             6.191406                0.845728
             6.191406                0.845728
             6.210938                0.840090
             6.210938                0.840090
             6.230469                0.834116
             6.230469                0.834116
             6.250000                0.827812
             6.250000                0.827812
             6.269531                0.821182
             6.269531                0.821182
             6.289063                0.814233
             6.289063                0.814233
             6.308594                0.806970
             6.308594                0.806970
             6.328125                0.799400
             6.328125                0.799400
             6.347656                0.791530
             6.347656                0.791530
             6.367188                0.783367
             6.367188                0.783367
             6.386719                0.774918
             6.386719                0.774918
             6.406250                0.766191
             6.406250                0.766191
             6.425781                0.757195
             6.425781                0.757195
             6.445313                0.747936
             6.445313                0.747936
             6.464844                0.738424
             6.464844                0.738424
             6.484375                0.728668
             6.484375                0.728668
             6.503906                0.718677
             6.503906                0.718677
             6.523438                0.708459
             6.523438                0.708459
             6.542969                0.698024
             6.542969                0.698024
             6.562500                0.687382
             6.562500                0.687382
             6.582031                0.676543
             6.582031                0.676543
             6.601563                0.665516
             6.601563                0.665516
             6.621094                0.654311
             6.621094                0.654311
             6.640625                0.642939
             6.640625                0.642939
             6.660156                0.631409
             6.660156                0.631409
             6.679688                0.619732
             6.679688                0.619732
             6.699219                0.607918
             6.699219                0.607918
             6.718750                0.595979
             6.718750                0.595979
             6.738281                0.583923
             6.738281                0.583923
             6.757813                0.571762
             6.757813                0.571762
             6.777344                0.559506
             6.777344                0.559506
             6.796875                0.547165
             6.796875                0.547165
             6.816406                0.534751
             6.816406                0.534751
             6.835938                0.522272
             6.835938                0.522272
             6.855469                0.509740
             6.855469                0.509740
             6.875000                0.497165
             6.875000                0.497165
             6.894531                0.484556
             6.894531                0.484556
             6.914063                0.471925
             6.914063                0.471925
             6.933594                0.459280
             6.933594                0.459280
             6.953125                0.446632
             6.953125                0.446632
             6.972656                0.433990
             6.972656                0.433990
             6.992188                0.421363
             6.992188                0.421363
             7.011719                0.408762
             7.011719                0.408762
             7.031250                0.396195
             7.031250                0.396195
             7.050781                0.383670
             7.050781                0.383670
             7.070313                0.371198
             7.070313                0.371198
             7.089844                0.358786
             7.089844                0.358786
             7.109375                0.346442
             7.109375                0.346442
             7.128906                0.334175
             7.128906                0.334175
             7.148438                0.321993
             7.148438                0.321993
             7.167969                0.309903
             7.167969                0.309903
             7.187500                0.297913
             7.187500                0.297913
             7.207031                0.286030
             7.207031                0.286030
             7.226563                0.274260
             7.226563                0.274260
             7.246094                0.262611
             7.246094                0.262611
             7.265625                0.251088
             7.265625                0.251088
             7.285156                0.239698
             7.285156                0.239698
             7.304688                0.228447
             7.304688                0.228447
             7.324219                0.217340
             7.324219                0.217340
             7.343750                0.206383
             7.343750                0.206383
             7.363281                0.195580
             7.363281                0.195580
             7.382813                0.184937
             7.382813                0.184937
             7.402344                0.174457
             7.402344                0.174457
             7.421875                0.164145
             7.421875                0.164145
             7.441406                0.154005
             7.441406                0.154005
             7.460938                0.144041
             7.460938                0.144041
             7.480469                0.134256
             7.480469                0.134256
             7.500000                0.124652
             7.500000                0.124652
             7.519531                0.115234
             7.519531                0.115234
             7.539063                0.106003
             7.539063                0.106003
             7.558594                0.096962
             7.558594                0.096962
             7.578125                0.088113
             7.578125                0.088113
             7.597656                0.079458
             7.597656                0.079458
             7.617188                0.070997
             7.617188                0.070997
             7.636719                0.062734
             7.636719                0.062734
             7.656250                0.054668
             7.656250                0.054668
             7.675781                0.046801
             7.675781                0.046801
             7.695313                0.039134
             7.695313                0.039134
             7.714844                0.031666
             7.714844                0.031666
             7.734375                0.024398
             7.734375                0.024398
             7.753906                0.017330
             7.753906                0.017330
             7.773438                0.010462
             7.773438                0.010462
             7.792969                0.003793
             7.792969                0.003793
             7.812500               -0.002676
             7.812500               -0.002676
             7.832031               -0.008948
             7.832031               -0.008948
             7.851563               -0.015022
             7.851563               -0.015022
             7.871094               -0.020900
             7.871094               -0.020900
             7.890625               -0.026583
             7.890625               -0.026583
             7.910156               -0.032073
             7.910156               -0.032073
             7.929688               -0.037370
             7.929688               -0.037370
             7.949219               -0.042477
             7.949219               -0.042477
             7.968750               -0.047395
             7.968750               -0.047395
             7.988281               -0.052126
             7.988281               -0.052126
             8.007813               -0.056673
             8.007813               -0.056673
             8.027344               -0.061036
             8.027344               -0.061036
             8.046875               -0.065220
             8.046875               -0.065220
             8.066406               -0.069225
             8.066406               -0.069225
             8.085938               -0.073055
             8.085938               -0.073055
             8.105469               -0.076711
             8.105469               -0.076711
             8.125000               -0.080197
             8.125000               -0.080197
             8.144531               -0.083515
             8.144531               -0.083515
             8.164063               -0.086667
             8.164063               -0.086667
             8.183594               -0.089656
             8.183594               -0.089656
             8.203125               -0.092486
             8.203125               -0.092486
             8.222656               -0.095159
             8.222656               -0.095159
             8.242188               -0.097677
             8.242188               -0.097677
             8.261719               -0.100044
             8.261719               -0.100044
             8.281250               -0.102263
             8.281250               -0.102263
             8.300781               -0.104336
             8.300781               -0.104336
             8.320313               -0.106267
             8.320313               -0.106267
             8.339844               -0.108058
             8.339844               -0.108058
             8.359375               -0.109713
             8.359375               -0.109713
             8.378906               -0.111234
             8.378906               -0.111234
             8.398438               -0.112625
             8.398438               -0.112625
             8.417969               -0.113888
             8.417969               -0.113888
             8.437500               -0.115027
             8.437500               -0.115027
             8.457031               -0.116043
             8.457031               -0.116043
             8.476563               -0.116941
             8.476563               -0.116941
             8.496094               -0.117724
             8.496094               -0.117724
             8.515625               -0.118393
             8.515625               -0.118393
             8.535156               -0.118952
             8.535156               -0.118952
             8.554688               -0.119404
             8.554688               -0.119404
             8.574219               -0.119752
             8.574219               -0.119752
             8.593750               -0.119998
             8.593750               -0.119998
             8.613281               -0.120145
             8.613281               -0.120145
             8.632813               -0.120195
             8.632813               -0.120195
             8.652344               -0.120153
             8.652344               -0.120153
             8.671875               -0.120019
             8.671875               -0.120019
             8.691406               -0.119797
             8.691406               -0.119797
             8.710938               -0.119490
             8.710938               -0.119490
             8.730469               -0.119099
             8.730469               -0.119099
             8.750000               -0.118627
             8.750000               -0.118627
             8.769531               -0.118077
             8.769531               -0.118077
             8.789063               -0.117451
             8.789063               -0.117451
             8.808594               -0.116752
             8.808594               -0.116752
             8.828125               -0.115980
             8.828125               -0.115980
             8.847656               -0.115140
             8.847656               -0.115140
             8.867188               -0.114233
             8.867188               -0.114233
             8.886719               -0.113261
             8.886719               -0.113261
             8.906250               -0.112226
             8.906250               -0.112226
             8.925781               -0.111131
             8.925781               -0.111131
             8.945313               -0.109976
             8.945313               -0.109976
             8.964844               -0.108765
             8.964844               -0.108765
             8.984375               -0.107499
             8.984375               -0.107499
             9.003906               -0.106180
             9.003906               -0.106180
             9.023438               -0.104810
             9.023438               -0.104810
             9.042969               -0.103390
             9.042969               -0.103390
             9.062500               -0.101922
             9.062500               -0.101922
             9.082031               -0.100409
             9.082031               -0.100409
             9.101563               -0.098850
             9.101563               -0.098850
             9.121094               -0.097249
             9.121094               -0.097249
             9.140625               -0.095607
             9.140625               -0.095607
             9.160156               -0.093924
             9.160156               -0.093924
             9.179688               -0.092204
             9.179688               -0.092204
             9.199219               -0.090446
             9.199219               -0.090446
             9.218750               -0.088652
             9.218750               -0.088652
             9.238281               -0.086825
             9.238281               -0.086825
             9.257813               -0.084964
             9.257813               -0.084964
             9.277344               -0.083071
             9.277344               -0.083071
             9.296875               -0.081148
             9.296875               -0.081148
             9.316406               -0.079196
             9.316406               -0.079196
             9.335938               -0.077216
             9.335938               -0.077216
             9.355469               -0.075208
             9.355469               -0.075208
             9.375000               -0.073175
             9.375000               -0.073175
             9.394531               -0.071117
             9.394531               -0.071117
             9.414063               -0.069035
             9.414063               -0.069035
             9.433594               -0.066930
             9.433594               -0.066930
             9.453125               -0.064803
             9.453125               -0.064803
             9.472656               -0.062656
             9.472656               -0.062656
             9.492188               -0.060488
             9.492188               -0.060488
             9.511719               -0.058302
             9.511719               -0.058302
             9.531250               -0.056097
             9.531250               -0.056097
             9.550781               -0.053875
             9.550781               -0.053875
             9.570313               -0.051636
             9.570313               -0.051636
             9.589844               -0.049382
             9.589844               -0.049382
             9.609375               -0.047113
             9.609375               -0.047113
             9.628906               -0.044830
             9.628906               -0.044830
             9.648438               -0.042533
             9.648438               -0.042533
             9.667969               -0.040224
             9.667969               -0.040224
             9.687500               -0.037903
             9.687500               -0.037903
             9.707031               -0.035571
             9.707031               -0.035571
             9.726563               -0.033228
             9.726563               -0.033228
             9.746094               -0.030875
             9.746094               -0.030875
             9.765625               -0.028513
             9.765625               -0.028513
             9.785156               -0.026142
             9.785156               -0.026142
             9.804688               -0.023763
             9.804688               -0.023763
             9.824219               -0.021377
             9.824219               -0.021377
             9.843750               -0.018984
             9.843750               -0.018984
             9.863281               -0.016585
             9.863281               -0.016585
             9.882813               -0.014181
             9.882813               -0.014181
             9.902344               -0.011771
             9.902344               -0.011771
             9.921875               -0.009356
             9.921875               -0.009356
             9.941406               -0.006938
             9.941406               -0.006938
             9.960938               -0.004516
             9.960938               -0.004516
             9.980469               -0.002092
             9.980469               -0.002091
            10.000000                0.000168
