0		-1707733.333333
1		-3415465.666666
2		-5123196.000000
3		-6830923.333333
4		-8538646.666666
5		-10246364.999999
6		-11954077.333333
7		-13661782.666666
8		-15369479.999999
9		-17077168.333332
10		-18784846.666666
11		-20492513.999999
12		-22200169.333332
13		-23907811.666665
14		-25615439.999999
15		-27323053.333332
16		-29030650.666665
17		-30738230.999998
18		-32445793.333331
19		-34153336.666665
20		-35860859.999998
21		-37568362.333331
22		-39275842.666664
23		-40983299.999998
24		-42690733.333331
25		-44398141.666664
26		-46105523.999997
27		-47812879.333331
28		-49520206.666664
29		-51227504.999997
30		-52934773.333330
31		-54642010.666664
32		-56349215.999997
33		-58056388.333330
34		-59763526.666663
35		-61470629.999996
36		-63177697.333330
37		-64884727.666663
38		-66591719.999996
39		-68298673.333329
40		-70005586.666663
41		-71712458.999996
42		-73419289.333329
43		-75126076.666662
44		-76832819.999996
45		-78539518.333329
46		-80246170.666662
47		-81952775.999996
48		-83659333.333328
49		-85365841.666662
50		-87072299.999995
51		-88778707.333328
52		-90485062.666661
53		-92191364.999995
54		-93897613.333328
55		-95603806.666661
56		-97309943.999995
57		-99016024.333328
58		-100722046.666661
59		-102428009.999994
60		-104133913.333328
61		-105839755.666660
62		-107545535.999994
63		-109251253.333327
64		-110956906.666660
65		-112662494.999994
66		-114368017.333327
67		-116073472.666660
68		-117778859.999993
69		-119484178.333326
70		-121189426.666660
71		-122894603.999993
72		-124599709.333326
73		-126304741.666660
74		-128009699.999993
75		-129714583.333326
76		-131419390.666659
77		-133124120.999992
78		-134828773.333326
79		-136533346.666659
80		-138237839.999993
81		-139942252.333325
82		-141646582.666659
83		-143350829.999992
84		-145054993.333325
85		-146759071.666658
86		-148463063.999993
87		-150166969.333325
88		-151870786.666658
89		-153574514.999989
90		-155278153.333324
91		-156981700.666658
92		-158685155.999989
93		-160388518.333324
94		-162091786.666657
95		-163794959.999991
96		-165498037.333324
97		-167201017.666657
98		-168903899.999992
99		-170606683.333324
100		-172309366.666656
101		-174011948.999991
102		-175714429.333323
103		-177416806.666657
104		-179119079.999989
105		-180821248.333323
106		-182523310.666656
107		-184225265.999988
108		-185927113.333323
109		-187628851.666656
110		-189330479.999990
111		-191031997.333323
112		-192733402.666656
113		-194434694.999990
114		-196135873.333322
115		-197836936.666655
116		-199537883.999988
117		-201238714.333322
118		-202939426.666655
119		-204640019.999988
120		-206340493.333322
121		-208040845.666655
122		-209741075.999987
123		-211441183.333321
124		-213141166.666655
125		-214841024.999989
126		-216540757.333321
127		-218240362.666654
128		-219939839.999987
129		-221639188.333321
130		-223338406.666654
131		-225037493.999986
132		-226736449.333320
133		-228435271.666654
134		-230133959.999987
135		-231832513.333320
136		-233530930.666653
137		-235229210.999988
138		-236927353.333319
139		-238625356.666653
140		-240323219.999986
141		-242020942.333319
142		-243718522.666653
143		-245415959.999985
144		-247113253.333319
145		-248810401.666652
146		-250507403.999984
147		-252204259.333318
148		-253900966.666652
149		-255597524.999986
150		-257293933.333318
151		-258990190.666652
152		-260686295.999987
153		-262382248.333318
154		-264078046.666652
155		-265773689.999984
156		-267469177.333317
157		-269164507.666651
158		-270859679.999983
159		-272554693.333317
160		-274249546.666650
161		-275944238.999983
162		-277638769.333317
163		-279333136.666651
164		-281027339.999983
165		-282721378.333316
166		-284415250.666650
167		-286108955.999985
168		-287802493.333317
169		-289495861.666649
170		-291189059.999982
171		-292882087.333316
172		-294574942.666650
173		-296267624.999986
174		-297960133.333315
175		-299652466.666649
176		-301344623.999983
177		-303036604.333315
178		-304728406.666649
179		-306420029.999979
180		-308111473.333315
181		-309802735.666649
182		-311493815.999984
183		-313184713.333315
184		-314875426.666649
185		-316565954.999981
186		-318256297.333315
187		-319946452.666647
188		-321636419.999982
189		-323326198.333315
190		-325015786.666648
191		-326705183.999983
192		-328394389.333314
193		-330083401.666647
194		-331772219.999979
195		-333460843.333313
196		-335149270.666647
197		-336837500.999982
198		-338525533.333314
199		-340213366.666647
200		-341900999.999979
201		-343588432.333314
202		-345275662.666646
203		-346962689.999979
204		-348649513.333313
205		-350336131.666647
206		-352022543.999982
207		-353708749.333313
208		-355394746.666646
209		-357080534.999977
210		-358766113.333312
211		-360451480.666646
212		-362136635.999981
213		-363821578.333312
214		-365506306.666645
215		-367190819.999977
216		-368875117.333311
217		-370559197.666645
218		-372243059.999976
219		-373926703.333311
220		-375610126.666645
221		-377293328.999982
222		-378976309.333312
223		-380659066.666645
224		-382341599.999974
225		-384023908.333311
226		-385705990.666644
227		-387387845.999980
228		-389069473.333311
229		-390750871.666643
230		-392432039.999976
231		-394112977.333311
232		-395793682.666643
233		-397474154.999975
234		-399154393.333310
235		-400834396.666644
236		-402514163.999981
237		-404193694.333310
238		-405872986.666643
239		-407552039.999974
240		-409230853.333310
241		-410909425.666642
242		-412587755.999981
243		-414265843.333310
244		-415943686.666642
245		-417621284.999975
246		-419298637.333309
247		-420975742.666642
248		-422652599.999974
249		-424329208.333308
250		-426005566.666642
251		-427681673.999980
252		-429357529.333309
253		-431033131.666642
254		-432708479.999970
255		-434383573.333308
256		-436058410.666641
257		-437732990.999978
258		-439407313.333308
259		-441081376.666641
260		-442755179.999974
261		-444428722.333308
262		-446102002.666640
263		-447775019.999971
264		-449447773.333307
265		-451120261.666640
266		-452792483.999979
267		-454464439.333306
268		-456136126.666641
269		-457807544.999968
270		-459478693.333306
271		-461149570.666639
272		-462820175.999978
273		-464490508.333307
274		-466160566.666638
275		-467830349.999973
276		-469499857.333305
277		-471169087.666639
278		-472838039.999969
279		-474506713.333305
280		-476175106.666640
281		-477843218.999976
282		-479511049.333306
283		-481178596.666638
284		-482845859.999965
285		-484512838.333305
286		-486179530.666638
287		-487845935.999975
288		-489512053.333304
289		-491177881.666638
290		-492843419.999971
291		-494508667.333304
292		-496173622.666637
293		-497838284.999968
294		-499502653.333303
295		-501166726.666638
296		-502830503.999975
297		-504493984.333303
298		-506157166.666637
299		-507820049.999965
300		-509482633.333304
301		-511144915.666637
302		-512806895.999972
303		-514468573.333303
304		-516129946.666635
305		-517791014.999970
306		-519451777.333302
307		-521112232.666635
308		-522772379.999967
309		-524432218.333302
310		-526091746.666635
311		-527750963.999974
312		-529409869.333301
313		-531068461.666637
314		-532726739.999964
315		-534384703.333302
316		-536042350.666636
317		-537699680.999969
318		-539356693.333301
319		-541013386.666634
320		-542669759.999970
321		-544325812.333301
322		-545981542.666635
323		-547636949.999967
324		-549292033.333300
325		-550946791.666633
326		-552601223.999972
327		-554255329.333299
328		-555909106.666634
329		-557562554.999961
330		-559215673.333299
331		-560868460.666634
332		-562520915.999966
333		-564173038.333300
334		-565824826.666633
335		-567476279.999966
336		-569127397.333299
337		-570778177.666632
338		-572428619.999970
339		-574078723.333298
340		-575728486.666631
341		-577377908.999963
342		-579026989.333300
343		-580675726.666631
344		-582324119.999964
345		-583972168.333300
346		-585619870.666630
347		-587267225.999968
348		-588914233.333300
349		-590560891.666632
350		-592207199.999956
351		-593853157.333299
352		-595498762.666631
353		-597144014.999967
354		-598788913.333297
355		-600433456.666633
356		-602077643.999966
357		-603721474.333297
358		-605364946.666632
359		-607008059.999959
360		-608650813.333296
361		-610293205.666631
362		-611935235.999961
363		-613576903.333294
364		-615218206.666630
365		-616859144.999970
366		-618499717.333295
367		-620139922.666630
368		-621779759.999969
369		-623419228.333295
370		-625058326.666628
371		-626697053.999950
372		-628335409.333297
373		-629973391.666628
374		-631610999.999968
375		-633248233.333297
376		-634885090.666628
377		-636521570.999967
378		-638157673.333296
379		-639793396.666627
380		-641428739.999953
381		-643063702.333297
382		-644698282.666629
383		-646332479.999961
384		-647966293.333296
385		-649599721.666629
386		-651232763.999964
387		-652865419.333295
388		-654497686.666629
389		-656129564.999958
390		-657761053.333293
391		-659392150.666628
392		-661022855.999956
393		-662653168.333293
394		-664283086.666627
395		-665912609.999967
396		-667541737.333292
397		-669170467.666626
398		-670798799.999966
399		-672426733.333294
400		-674054266.666624
401		-675681398.999952
402		-677308129.333293
403		-678934456.666626
404		-680560379.999959
405		-682185898.333294
406		-683811010.666627
407		-685435715.999966
408		-687060013.333294
409		-688683901.666626
410		-690307379.999954
411		-691930447.333293
412		-693553102.666628
413		-695175344.999955
414		-696797173.333292
415		-698418586.666627
416		-700039583.999959
417		-701660164.333289
418		-703280326.666626
419		-704900069.999957
420		-706519393.333289
421		-708138295.666626
422		-709756775.999958
423		-711374833.333289
424		-712992466.666625
425		-714609674.999962
426		-716226457.333289
427		-717842812.666623
428		-719458739.999959
429		-721074238.333291
430		-722689306.666621
431		-724303943.999952
432		-725918149.333291
433		-727531921.666621
434		-729145259.999958
435		-730758163.333291
436		-732370630.666622
437		-733982660.999962
438		-735594253.333290
439		-737205406.666622
440		-738816119.999951
441		-740426392.333290
442		-742036222.666623
443		-743645609.999951
444		-745254553.333289
445		-746863051.666623
446		-748471103.999955
447		-750078709.333287
448		-751685866.666622
449		-753292574.999952
450		-754898833.333286
451		-756504640.666623
452		-758109995.999952
453		-759714898.333285
454		-761319346.666623
455		-762923339.999961
456		-764526877.333286
457		-766129957.666621
458		-767732579.999951
459		-769334743.333286
460		-770936446.666619
461		-772537688.999951
462		-774138469.333287
463		-775738786.666618
464		-777338639.999957
465		-778938028.333288
466		-780536950.666618
467		-782135405.999956
468		-783733393.333288
469		-785330911.666618
470		-786927959.999951
471		-788524537.333287
472		-790120642.666619
473		-791716274.999950
474		-793311433.333286
475		-794906116.666617
476		-796500323.999956
477		-798094054.333286
478		-799687306.666618
479		-801280079.999947
480		-802872373.333286
481		-804464185.666619
482		-806055515.999948
483		-807646363.333284
484		-809236726.666619
485		-810826604.999961
486		-812415997.333284
487		-814004902.666619
488		-815593319.999948
489		-817181248.333284
490		-818768686.666617
491		-820355633.999947
492		-821942089.333284
493		-823528051.666616
494		-825113519.999957
495		-826698493.333284
496		-828282970.666615
497		-829866950.999953
498		-831450433.333283
499		-833033416.666615
500		-834615899.999947
501		-836197882.333283
502		-837779362.666615
503		-839360339.999947
504		-840940813.333284
505		-842520781.666616
506		-844100243.999950
507		-845679199.333283
508		-847257646.666614
509		-848835584.999944
510		-850413013.333282
511		-851989930.666616
512		-853566335.999947
513		-855142228.333279
514		-856717606.666614
515		-858292469.999956
516		-859866817.333280
517		-861440647.666615
518		-863013959.999940
519		-864586753.333279
520		-866159026.666613
521		-867730778.999944
522		-869302009.333280
523		-870872716.666613
524		-872442899.999954
525		-874012558.333280
526		-875581690.666614
527		-877150295.999948
528		-878718373.333280
529		-880285921.666612
530		-881852939.999939
531		-883419427.333278
532		-884985382.666611
533		-886550804.999949
534		-888115693.333280
535		-889680046.666613
536		-891243863.999952
537		-892807144.333277
538		-894369886.666612
539		-895932089.999936
540		-897493753.333280
541		-899054875.666610
542		-900615455.999944
543		-902175493.333278
544		-903734986.666612
545		-905293934.999953
546		-906852337.333278
547		-908410192.666614
548		-909967499.999935
549		-911524258.333278
550		-913080466.666611
551		-914636123.999943
552		-916191229.333277
553		-917745781.666612
554		-919299779.999955
555		-920853223.333276
556		-922406110.666608
557		-923958440.999944
558		-925510213.333277
559		-927061426.666606
560		-928612079.999933
561		-930162172.333278
562		-931711702.666607
563		-933260669.999948
564		-934809073.333279
565		-936356911.666608
566		-937904183.999949
567		-939450889.333277
568		-940997026.666609
569		-942542594.999931
570		-944087593.333277
571		-945632020.666610
572		-947175875.999944
573		-948719158.333274
574		-950261866.666610
575		-951803999.999947
576		-953345557.333274
577		-954886537.666607
578		-956426939.999933
579		-957966763.333274
580		-959506006.666609
581		-961044668.999939
582		-962582749.333273
583		-964120246.666607
584		-965657159.999954
585		-967193488.333271
586		-968729230.666607
587		-970264385.999937
588		-971798953.333275
589		-973332931.666606
590		-974866319.999934
591		-976399117.333274
592		-977931322.666605
593		-979462934.999944
594		-980993953.333274
595		-982524376.666604
596		-984054203.999944
597		-985583434.333274
598		-987112066.666605
599		-988640099.999927
600		-990167533.333273
601		-991694365.666606
602		-993220595.999938
603		-994746223.333274
604		-996271246.666606
605		-997795664.999945
606		-999319477.333272
607		-1000842682.666606
608		-1002365279.999928
609		-1003887268.333272
610		-1005408646.666605
611		-1006929413.999935
612		-1008449569.333270
613		-1009969111.666605
614		-1011488039.999944
615		-1013006353.333269
616		-1014524050.666605
617		-1016041130.999939
618		-1017557593.333271
619		-1019073436.666603
620		-1020588659.999930
621		-1022103262.333268
622		-1023617242.666602
623		-1025130599.999942
624		-1026643333.333271
625		-1028155441.666601
626		-1029666923.999944
627		-1031177779.333271
628		-1032688006.666600
629		-1034197604.999926
630		-1035706573.333271
631		-1037214910.666600
632		-1038722615.999932
633		-1040229688.333270
634		-1041736126.666602
635		-1043241929.999943
636		-1044747097.333269
637		-1046251627.666602
638		-1047755519.999929
639		-1049258773.333266
640		-1050761386.666603
641		-1052263358.999928
642		-1053764689.333269
643		-1055265376.666602
644		-1056765419.999939
645		-1058264818.333266
646		-1059763570.666600
647		-1061261675.999938
648		-1062759133.333266
649		-1064255941.666602
650		-1065752099.999926
651		-1067247607.333266
652		-1068742462.666600
653		-1070236664.999938
654		-1071730213.333266
655		-1073223106.666599
656		-1074715343.999942
657		-1076206924.333267
658		-1077697846.666600
659		-1079188109.999931
660		-1080677713.333267
661		-1082166655.666598
662		-1083654935.999932
663		-1085142553.333266
664		-1086629506.666601
665		-1088115794.999929
666		-1089601417.333267
667		-1091086372.666601
668		-1092570659.999937
669		-1094054278.333265
670		-1095537226.666600
671		-1097019503.999923
672		-1098501109.333263
673		-1099982041.666600
674		-1101462299.999929
675		-1102941883.333265
676		-1104420790.666599
677		-1105899020.999946
678		-1107376573.333266
679		-1108853446.666598
680		-1110329639.999918
681		-1111805152.333266
682		-1113279982.666597
683		-1114754129.999931
684		-1116227593.333265
685		-1117700371.666595
686		-1119172463.999942
687		-1120643869.333266
688		-1122114586.666594
689		-1123584614.999917
690		-1125053953.333262
691		-1126522600.666595
692		-1127990555.999939
693		-1129457818.333263
694		-1130924386.666593
695		-1132390259.999935
696		-1133855437.333264
697		-1135319917.666593
698		-1136783699.999925
699		-1138246783.333263
700		-1139709166.666595
701		-1141170848.999942
702		-1142631829.333260
703		-1144092106.666594
704		-1145551679.999927
705		-1147010548.333260
706		-1148468710.666594
707		-1149926165.999930
708		-1151382913.333259
709		-1152838951.666595
710		-1154294279.999944
711		-1155748897.333257
712		-1157202802.666597
713		-1158655994.999916
714		-1160108473.333257
715		-1161560236.666598
716		-1163011283.999931
717		-1164461614.333257
718		-1165911226.666599
719		-1167360119.999943
720		-1168808293.333259
721		-1170255745.666600
722		-1171702475.999903
723		-1173148483.333259
724		-1174593766.666600
725		-1176038324.999923
726		-1177482157.333262
727		-1178925262.666596
728		-1180367639.999944
729		-1181809288.333265
730		-1183250206.666597
731		-1184690393.999902
732		-1186129849.333265
733		-1187568571.666594
734		-1189006559.999923
735		-1190443813.333266
736		-1191880330.666592
737		-1193316110.999943
738		-1194751153.333265
739		-1196185456.666590
740		-1197619019.999905
741		-1199051842.333263
742		-1200483922.666590
743		-1201915259.999929
744		-1203345853.333264
745		-1204775701.666589
746		-1206204803.999933
747		-1207633159.333261
748		-1209060766.666587
749		-1210487624.999913
750		-1211913733.333261
751		-1213339090.666589
752		-1214763695.999954
753		-1216187548.333258
754		-1217610646.666588
755		-1219032989.999921
756		-1220454577.333256
757		-1221875407.666588
758		-1223295479.999918
759		-1224714793.333257
760		-1226133346.666590
761		-1227551138.999952
762		-1228968169.333253
763		-1230384436.666591
764		-1231799939.999906
765		-1233214678.333254
766		-1234628650.666593
767		-1236041855.999920
768		-1237454293.333251
769		-1238865961.666593
770		-1240276859.999946
771		-1241686987.333252
772		-1243096342.666595
773		-1244504924.999907
774		-1245912733.333255
775		-1247319766.666593
776		-1248726023.999917
777		-1250131504.333255
778		-1251536206.666594
779		-1252940129.999941
780		-1254343273.333255
781		-1255745635.666594
782		-1257147215.999900
783		-1258548013.333254
784		-1259948026.666595
785		-1261347254.999913
786		-1262745697.333257
787		-1264143352.666592
788		-1265540219.999932
789		-1266936298.333256
790		-1268331586.666592
791		-1269726083.999901
792		-1271119789.333258
793		-1272512701.666588
794		-1273904819.999923
795		-1275296143.333259
796		-1276686670.666589
797		-1278076400.999922
798		-1279465333.333256
799		-1280853466.666585
800		-1282240799.999905
801		-1283627332.333254
802		-1285013062.666583
803		-1286397989.999951
804		-1287782113.333255
805		-1289165431.666582
806		-1290547943.999913
807		-1291929649.333252
808		-1293310546.666580
809		-1294690634.999902
810		-1296069913.333252
811		-1297448380.666583
812		-1298826035.999952
813		-1300202878.333252
814		-1301578906.666584
815		-1302954119.999907
816		-1304328517.333250
817		-1305702097.666583
818		-1307074859.999901
819		-1308446803.333248
820		-1309817926.666588
821		-1311188228.999949
822		-1312557709.333249
823		-1313926366.666587
824		-1315294199.999903
825		-1316661208.333250
826		-1318027390.666585
827		-1319392745.999908
828		-1320757273.333250
829		-1322120971.666583
830		-1323483839.999944
831		-1324845877.333249
832		-1326207082.666584
833		-1327567454.999900
834		-1328926993.333251
835		-1330285696.666585
836		-1331643563.999905
837		-1333000594.333252
838		-1334356786.666582
839		-1335712139.999935
840		-1337066653.333252
841		-1338420325.666583
842		-1339773155.999902
843		-1341125143.333251
844		-1342476286.666582
845		-1343826584.999916
846		-1345176037.333251
847		-1346524642.666580
848		-1347872399.999925
849		-1349219308.333253
850		-1350565366.666578
851		-1351910573.999900
852		-1353254929.333253
853		-1354598431.666580
854		-1355941079.999925
855		-1357282873.333250
856		-1358623810.666580
857		-1359963890.999914
858		-1361303113.333249
859		-1362641476.666579
860		-1363978979.999903
861		-1365315622.333248
862		-1366651402.666580
863		-1367986319.999940
864		-1369320373.333247
865		-1370653561.666578
866		-1371985883.999904
867		-1373317339.333245
868		-1374647926.666579
869		-1375977644.999904
870		-1377306493.333243
871		-1378634470.666577
872		-1379961575.999952
873		-1381287808.333241
874		-1382613166.666579
875		-1383937649.999900
876		-1385261257.333241
877		-1386583987.666581
878		-1387905839.999901
879		-1389226813.333243
880		-1390546906.666584
881		-1391866118.999948
882		-1393184449.333246
883		-1394501896.666586
884		-1395818459.999893
885		-1397134138.333243
886		-1398448930.666583
887		-1399762835.999899
888		-1401075853.333244
889		-1402387981.666587
890		-1403699219.999938
891		-1405009567.333244
892		-1406319022.666583
893		-1407627584.999889
894		-1408935253.333250
895		-1410242026.666582
896		-1411547903.999900
897		-1412852884.333249
898		-1414156966.666577
899		-1415460149.999928
900		-1416762433.333251
901		-1418063815.666579
902		-1419364295.999889
903		-1420663873.333253
904		-1421962546.666576
905		-1423260314.999908
906		-1424557177.333252
907		-1425853132.666575
908		-1427148179.999919
909		-1428442318.333252
910		-1429735546.666570
911		-1431027863.999895
912		-1432319269.333247
913		-1433609761.666571
914		-1434899339.999931
915		-1436188003.333249
916		-1437475750.666569
917		-1438762580.999910
918		-1440048493.333246
919		-1441333486.666570
920		-1442617559.999904
921		-1443900712.333244
922		-1445182942.666571
923		-1446464249.999949
924		-1447744633.333240
925		-1449024091.666571
926		-1450302623.999900
927		-1451580229.333241
928		-1452856906.666575
929		-1454132654.999901
930		-1455407473.333241
931		-1456681360.666576
932		-1457954315.999944
933		-1459226338.333236
934		-1460497426.666581
935		-1461767579.999892
936		-1463036797.333235
937		-1464305077.666580
938		-1465572419.999897
939		-1466838823.333236
940		-1468104286.666583
941		-1469368808.999939
942		-1470632389.333239
943		-1471895026.666580
944		-1473156719.999886
945		-1474417468.333243
946		-1475677270.666584
947		-1476936125.999897
948		-1478194033.333242
949		-1479450991.666581
950		-1480706999.999931
951		-1481962057.333246
952		-1483216162.666579
953		-1484469314.999882
954		-1485721513.333243
955		-1486972756.666577
956		-1488223043.999909
957		-1489472374.333243
958		-1490720746.666575
959		-1491968159.999922
960		-1493214613.333245
961		-1494460105.666569
962		-1495704635.999882
963		-1496948203.333244
964		-1498190806.666571
965		-1499432444.999925
966		-1500673117.333248
967		-1501912822.666573
968		-1503151559.999914
969		-1504389328.333244
970		-1505626126.666572
971		-1506861953.999890
972		-1508096809.333244
973		-1509330691.666573
974		-1510563599.999934
975		-1511795533.333241
976		-1513026490.666575
977		-1514256470.999907
978		-1515485473.333242
979		-1516713496.666577
980		-1517940539.999894
981		-1519166602.333239
982		-1520391682.666575
983		-1521615779.999930
984		-1522838893.333241
985		-1524061021.666574
986		-1525282163.999898
987		-1526502319.333237
988		-1527721486.666576
989		-1528939664.999898
990		-1530156853.333238
991		-1531373050.666577
992		-1532588255.999928
993		-1533802468.333244
994		-1535015686.666577
995		-1536227909.999892
996		-1537439137.333241
997		-1538649367.666576
998		-1539858599.999905
999		-1541066833.333242
1000		-1542274066.666573
1001		-1543480298.999924
1002		-1544685529.333242
1003		-1545889756.666576
1004		-1547092979.999888
1005		-1548295198.333241
1006		-1549496410.666574
1007		-1550696615.999916
1008		-1551895813.333240
1009		-1553094001.666573
1010		-1554291179.999924
1011		-1555487347.333242
1012		-1556682502.666572
1013		-1557876644.999881
1014		-1559069773.333239
1015		-1560261886.666573
1016		-1561452983.999928
1017		-1562643064.333239
1018		-1563832126.666573
1019		-1565020169.999918
1020		-1566207193.333240
1021		-1567393195.666576
1022		-1568578175.999876
1023		-1569762133.333239
1024		-1570945066.666577
1025		-1572126974.999934
1026		-1573307857.333239
1027		-1574487712.666580
1028		-1575666539.999909
1029		-1576844338.333244
1030		-1578021106.666577
1031		-1579196843.999884
1032		-1580371549.333240
1033		-1581545221.666574
1034		-1582717859.999931
1035		-1583889463.333240
1036		-1585060030.666574
1037		-1586229560.999904
1038		-1587398053.333241
1039		-1588565506.666573
1040		-1589731919.999886
1041		-1590897292.333244
1042		-1592061622.666574
1043		-1593224909.999926
1044		-1594387153.333246
1045		-1595548351.666572
1046		-1596708503.999899
1047		-1597867609.333247
1048		-1599025666.666571
1049		-1600182674.999904
1050		-1601338633.333242
1051		-1602493540.666567
1052		-1603647395.999923
1053		-1604800198.333241
1054		-1605951946.666569
1055		-1607102639.999890
1056		-1608252277.333239
1057		-1609400857.666572
1058		-1610548379.999923
1059		-1611694843.333242
1060		-1612840246.666571
1061		-1613984588.999925
1062		-1615127869.333241
1063		-1616270086.666572
1064		-1617411239.999882
1065		-1618551328.333239
1066		-1619690350.666579
1067		-1620828305.999923
1068		-1621965193.333235
1069		-1623101011.666582
1070		-1624235759.999921
1071		-1625369437.333235
1072		-1626502042.666577
1073		-1627633574.999878
1074		-1628764033.333231
1075		-1629893416.666579
1076		-1631021723.999930
1077		-1632148954.333239
1078		-1633275106.666576
1079		-1634400179.999913
1080		-1635524173.333236
1081		-1636647085.666578
1082		-1637768915.999869
1083		-1638889663.333239
1084		-1640009326.666577
1085		-1641127904.999924
1086		-1642245397.333244
1087		-1643361802.666575
1088		-1644477119.999906
1089		-1645591348.333245
1090		-1646704486.666575
1091		-1647816533.999877
1092		-1648927489.333242
1093		-1650037351.666574
1094		-1651146119.999931
1095		-1652253793.333243
1096		-1653360370.666570
1097		-1654465850.999897
1098		-1655570233.333243
1099		-1656673516.666569
1100		-1657775699.999892
1101		-1658876782.333241
1102		-1659976762.666567
1103		-1661075639.999926
1104		-1662173413.333239
1105		-1663270081.666565
1106		-1664365643.999894
1107		-1665460099.333239
1108		-1666553446.666569
1109		-1667645684.999905
1110		-1668736813.333234
1111		-1669826830.666570
1112		-1670915735.999923
1113		-1672003528.333234
1114		-1673090206.666570
1115		-1674175769.999888
1116		-1675260217.333233
1117		-1676343547.666571
1118		-1677425759.999915
1119		-1678506853.333239
1120		-1679586826.666571
1121		-1680665678.999917
1122		-1681743409.333235
1123		-1682820016.666569
1124		-1683895499.999883
1125		-1684969858.333236
1126		-1686043090.666571
1127		-1687115195.999913
1128		-1688186173.333235
1129		-1689256021.666572
1130		-1690324739.999914
1131		-1691392327.333236
1132		-1692458782.666573
1133		-1693524104.999883
1134		-1694588293.333237
1135		-1695651346.666568
1136		-1696713263.999916
1137		-1697774044.333240
1138		-1698833686.666568
1139		-1699892189.999909
1140		-1700949553.333236
1141		-1702005775.666568
1142		-1703060855.999884
1143		-1704114793.333237
1144		-1705167586.666565
1145		-1706219234.999919
1146		-1707269737.333236
1147		-1708319092.666569
1148		-1709367299.999903
1149		-1710414358.333236
1150		-1711460266.666566
1151		-1712505023.999894
1152		-1713548629.333238
1153		-1714591081.666567
1154		-1715632379.999919
1155		-1716672523.333236
1156		-1717711510.666568
1157		-1718749340.999896
1158		-1719786013.333235
1159		-1720821526.666565
1160		-1721855879.999897
1161		-1722889072.333237
1162		-1723921102.666565
1163		-1724951969.999919
1164		-1725981673.333236
1165		-1727010211.666573
1166		-1728037583.999890
1167		-1729063789.333237
1168		-1730088826.666568
1169		-1731112694.999899
1170		-1732135393.333236
1171		-1733156920.666572
1172		-1734177275.999914
1173		-1735196458.333236
1174		-1736214466.666570
1175		-1737231299.999886
1176		-1738246957.333236
1177		-1739261437.666571
1178		-1740274739.999907
1179		-1741286863.333234
1180		-1742297806.666570
1181		-1743307568.999912
1182		-1744316149.333236
1183		-1745323546.666570
1184		-1746329759.999887
1185		-1747334788.333235
1186		-1748338630.666568
1187		-1749341285.999913
1188		-1750342753.333237
1189		-1751343031.666567
1190		-1752342119.999910
1191		-1753340017.333237
1192		-1754336722.666572
1193		-1755332234.999890
1194		-1756326553.333234
1195		-1757319676.666570
1196		-1758311603.999915
1197		-1759302334.333233
1198		-1760291866.666567
1199		-1761280199.999904
1200		-1762267333.333237
1201		-1763253265.666569
1202		-1764237995.999892
1203		-1765221523.333235
1204		-1766203846.666565
1205		-1767184964.999911
1206		-1768164877.333235
1207		-1769143582.666565
1208		-1770121079.999902
1209		-1771097368.333234
1210		-1772072446.666564
1211		-1773046313.999903
1212		-1774018969.333229
1213		-1774990411.666568
1214		-1775960639.999909
1215		-1776929653.333234
1216		-1777897450.666568
1217		-1778864030.999897
1218		-1779829393.333233
1219		-1780793536.666566
1220		-1781756459.999905
1221		-1782718162.333234
1222		-1783678642.666570
1223		-1784637899.999913
1224		-1785595933.333234
1225		-1786552741.666573
1226		-1787508323.999889
1227		-1788462679.333236
1228		-1789415806.666573
1229		-1790367704.999904
1230		-1791318373.333235
1231		-1792267810.666569
1232		-1793216015.999908
1233		-1794162988.333234
1234		-1795108726.666569
1235		-1796053229.999890
1236		-1796996497.333236
1237		-1797938527.666571
1238		-1798879319.999899
1239		-1799818873.333239
1240		-1800757186.666572
1241		-1801694258.999912
1242		-1802630089.333235
1243		-1803564676.666566
1244		-1804498019.999893
1245		-1805430118.333239
1246		-1806360970.666569
1247		-1807290575.999905
1248		-1808218933.333235
1249		-1809146041.666567
1250		-1810071899.999907
1251		-1810996507.333240
1252		-1811919862.666569
1253		-1812841964.999898
1254		-1813762813.333236
1255		-1814682406.666566
1256		-1815600743.999903
1257		-1816517824.333235
1258		-1817433646.666568
1259		-1818348209.999907
1260		-1819261513.333234
1261		-1820173555.666570
1262		-1821084335.999898
1263		-1821993853.333237
1264		-1822902106.666571
1265		-1823809094.999911
1266		-1824714817.333237
1267		-1825619272.666567
1268		-1826522459.999898
1269		-1827424378.333234
1270		-1828325026.666568
1271		-1829224403.999896
1272		-1830122509.333236
1273		-1831019341.666570
1274		-1831914899.999913
1275		-1832809183.333239
1276		-1833702190.666568
1277		-1834593920.999896
1278		-1835484373.333237
1279		-1836373546.666569
1280		-1837261439.999894
1281		-1838148052.333237
1282		-1839033382.666571
1283		-1839917429.999913
1284		-1840800193.333238
1285		-1841681671.666573
1286		-1842561863.999904
1287		-1843440769.333235
1288		-1844318386.666570
1289		-1845194714.999890
1290		-1846069753.333236
1291		-1846943500.666571
1292		-1847815955.999910
1293		-1848687118.333235
1294		-1849556986.666567
1295		-1850425559.999902
1296		-1851292837.333236
1297		-1852158817.666570
1298		-1853023499.999896
1299		-1853886883.333237
1300		-1854748966.666568
1301		-1855609748.999907
1302		-1856469229.333238
1303		-1857327406.666568
1304		-1858184279.999899
1305		-1859039848.333233
1306		-1859894110.666567
1307		-1860747065.999906
1308		-1861598713.333230
1309		-1862449051.666570
1310		-1863298079.999905
1311		-1864145797.333235
1312		-1864992202.666570
1313		-1865837294.999902
1314		-1866681073.333236
1315		-1867523536.666572
1316		-1868364683.999910
1317		-1869204514.333234
1318		-1870043026.666567
1319		-1870880219.999905
1320		-1871716093.333231
1321		-1872550645.666570
1322		-1873383875.999902
1323		-1874215783.333239
1324		-1875046366.666569
1325		-1875875624.999910
1326		-1876703557.333236
1327		-1877530162.666572
1328		-1878355439.999903
1329		-1879179388.333234
1330		-1880002006.666571
1331		-1880823293.999895
1332		-1881643249.333235
1333		-1882461871.666568
1334		-1883279159.999909
1335		-1884095113.333237
1336		-1884909730.666567
1337		-1885723010.999900
1338		-1886534953.333232
1339		-1887345556.666565
1340		-1888154819.999890
1341		-1888962742.333235
1342		-1889769322.666569
1343		-1890574559.999913
1344		-1891378453.333236
1345		-1892181001.666566
1346		-1892982203.999900
1347		-1893782059.333233
1348		-1894580566.666568
1349		-1895377724.999893
1350		-1896173533.333233
1351		-1896967990.666568
1352		-1897761095.999908
1353		-1898552848.333235
1354		-1899343246.666571
1355		-1900132289.999897
1356		-1900919977.333232
1357		-1901706307.666568
1358		-1902491279.999900
1359		-1903274893.333234
1360		-1904057146.666567
1361		-1904838038.999911
1362		-1905617569.333237
1363		-1906395736.666570
1364		-1907172539.999897
1365		-1907947978.333234
1366		-1908722050.666570
1367		-1909494755.999897
1368		-1910266093.333235
1369		-1911036061.666569
1370		-1911804659.999907
1371		-1912571887.333238
1372		-1913337742.666569
1373		-1914102224.999892
1374		-1914865333.333236
1375		-1915627066.666567
1376		-1916387423.999900
1377		-1917146404.333232
1378		-1917904006.666566
1379		-1918660229.999906
1380		-1919415073.333238
1381		-1920168535.666570
1382		-1920920615.999892
1383		-1921671313.333235
1384		-1922420626.666563
1385		-1923168554.999910
1386		-1923915097.333235
1387		-1924660252.666565
1388		-1925404019.999902
1389		-1926146398.333233
1390		-1926887386.666567
1391		-1927626983.999893
1392		-1928365189.333237
1393		-1929102001.666565
1394		-1929837419.999908
1395		-1930571443.333236
1396		-1931304070.666567
1397		-1932035300.999900
1398		-1932765133.333235
1399		-1933493566.666568
1400		-1934220599.999897
1401		-1934946232.333236
1402		-1935670462.666566
1403		-1936393289.999911
1404		-1937114713.333234
1405		-1937834731.666565
1406		-1938553343.999899
1407		-1939270549.333233
1408		-1939986346.666569
1409		-1940700734.999900
1410		-1941413713.333233
1411		-1942125280.666570
1412		-1942835435.999910
1413		-1943544178.333235
1414		-1944251506.666569
1415		-1944957419.999897
1416		-1945661917.333236
1417		-1946364997.666564
1418		-1947066659.999900
1419		-1947766903.333236
1420		-1948465726.666566
1421		-1949163128.999910
1422		-1949859109.333232
1423		-1950553666.666563
1424		-1951246799.999897
1425		-1951938508.333234
1426		-1952628790.666567
1427		-1953317645.999900
1428		-1954005073.333231
1429		-1954691071.666567
1430		-1955375639.999903
1431		-1956058777.333231
1432		-1956740482.666566
1433		-1957420754.999895
1434		-1958099593.333233
1435		-1958776996.666567
1436		-1959452963.999906
1437		-1960127494.333233
1438		-1960800586.666569
1439		-1961472239.999902
1440		-1962142453.333228
1441		-1962811225.666572
1442		-1963478555.999898
1443		-1964144443.333235
1444		-1964808886.666570
1445		-1965471884.999904
1446		-1966133437.333235
1447		-1966793542.666568
1448		-1967452199.999906
1449		-1968109408.333235
1450		-1968765166.666574
1451		-1969419473.999897
1452		-1970072329.333239
1453		-1970723731.666572
1454		-1971373679.999901
1455		-1972022173.333236
1456		-1972669210.666565
1457		-1973314790.999899
1458		-1973958913.333237
1459		-1974601576.666569
1460		-1975242779.999898
1461		-1975882522.333239
1462		-1976520802.666566
1463		-1977157619.999905
1464		-1977792973.333235
1465		-1978426861.666569
1466		-1979059283.999904
1467		-1979690239.333238
1468		-1980319726.666568
1469		-1980947744.999897
1470		-1981574293.333230
1471		-1982199370.666569
1472		-1982822975.999907
1473		-1983445108.333239
1474		-1984065766.666571
1475		-1984684949.999903
1476		-1985302657.333241
1477		-1985918887.666575
1478		-1986533639.999908
1479		-1987146913.333243
1480		-1987758706.666572
1481		-1988369018.999911
1482		-1988977849.333245
1483		-1989585196.666576
1484		-1990191059.999903
1485		-1990795438.333244
1486		-1991398330.666575
1487		-1991999735.999909
1488		-1992599653.333245
1489		-1993198081.666579
1490		-1993795019.999912
1491		-1994390467.333246
1492		-1994984422.666574
1493		-1995576884.999909
1494		-1996167853.333246
1495		-1996757326.666577
1496		-1997345303.999908
1497		-1997931784.333241
1498		-1998516766.666578
1499		-1999100249.999913
1500		-1999682233.333246
1501		-2000262715.666578
1502		-2000841695.999909
1503		-2001419173.333243
1504		-2001995146.666576
1505		-2002569614.999912
1506		-2003142577.333246
1507		-2003714032.666576
1508		-2004283979.999910
1509		-2004852418.333244
1510		-2005419346.666580
1511		-2005984763.999913
1512		-2006548669.333247
1513		-2007111061.666582
1514		-2007671939.999906
1515		-2008231303.333245
1516		-2008789150.666580
1517		-2009345480.999914
1518		-2009900293.333247
1519		-2010453586.666579
1520		-2011005359.999916
1521		-2011555612.333245
1522		-2012104342.666576
1523		-2012651549.999910
1524		-2013197233.333241
1525		-2013741391.666573
1526		-2014284023.999909
1527		-2014825129.333242
1528		-2015364706.666576
1529		-2015902754.999913
1530		-2016439273.333240
1531		-2016974260.666576
1532		-2017507715.999901
1533		-2018039638.333243
1534		-2018570026.666573
1535		-2019098879.999907
1536		-2019626197.333241
1537		-2020151977.666572
1538		-2020676219.999905
1539		-2021198923.333242
1540		-2021720086.666574
1541		-2022239708.999904
1542		-2022757789.333244
1543		-2023274326.666575
1544		-2023789319.999914
1545		-2024302768.333243
1546		-2024814670.666573
1547		-2025325025.999904
1548		-2025833833.333238
1549		-2026341091.666574
1550		-2026846799.999902
1551		-2027350957.333239
1552		-2027853562.666572
1553		-2028354614.999909
1554		-2028854113.333241
1555		-2029352056.666577
1556		-2029848443.999903
1557		-2030343274.333237
1558		-2030836546.666575
1559		-2031328259.999910
1560		-2031818413.333240
1561		-2032307005.666576
1562		-2032794035.999908
1563		-2033279503.333245
1564		-2033763406.666572
1565		-2034245744.999908
1566		-2034726517.333242
1567		-2035205722.666574
1568		-2035683359.999909
1569		-2036159428.333243
1570		-2036633926.666574
1571		-2037106853.999906
1572		-2037578209.333239
1573		-2038047991.666574
1574		-2038516199.999906
1575		-2038982833.333243
1576		-2039447890.666575
1577		-2039911370.999909
1578		-2040373273.333243
1579		-2040833596.666574
1580		-2041292339.999910
1581		-2041749502.333240
1582		-2042205082.666574
1583		-2042659079.999909
1584		-2043111493.333242
1585		-2043562321.666579
1586		-2044011563.999910
1587		-2044459219.333243
1588		-2044905286.666574
1589		-2045349764.999904
1590		-2045792653.333242
1591		-2046233950.666572
1592		-2046673655.999907
1593		-2047111768.333243
1594		-2047548286.666574
1595		-2047983209.999909
1596		-2048416537.333246
1597		-2048848267.666573
1598		-2049278399.999908
1599		-2049706933.333242
1600		-2050133866.666578
1601		-2050559198.999905
1602		-2050982929.333244
1603		-2051405056.666580
1604		-2051825579.999908
1605		-2052244498.333244
1606		-2052661810.666577
1607		-2053077515.999912
1608		-2053491613.333242
1609		-2053904101.666572
1610		-2054314979.999907
1611		-2054724247.333246
1612		-2055131902.666575
1613		-2055537944.999915
1614		-2055942373.333247
1615		-2056345186.666578
1616		-2056746383.999912
1617		-2057145964.333244
1618		-2057543926.666577
1619		-2057940269.999911
1620		-2058334993.333243
1621		-2058728095.666576
1622		-2059119575.999912
1623		-2059509433.333245
1624		-2059897666.666576
1625		-2060284274.999905
1626		-2060669257.333247
1627		-2061052612.666576
1628		-2061434339.999913
1629		-2061814438.333244
1630		-2062192906.666578
1631		-2062569743.999912
1632		-2062944949.333244
1633		-2063318521.666579
1634		-2063690459.999911
1635		-2064060763.333243
1636		-2064429430.666579
1637		-2064796460.999915
1638		-2065161853.333246
1639		-2065525606.666577
1640		-2065887719.999910
1641		-2066248192.333246
1642		-2066607022.666580
1643		-2066964209.999912
1644		-2067319753.333245
1645		-2067673651.666583
1646		-2068025903.999915
1647		-2068376509.333246
1648		-2068725466.666582
1649		-2069072774.999913
1650		-2069418433.333250
1651		-2069762440.666584
1652		-2070104795.999916
1653		-2070445498.333250
1654		-2070784546.666586
1655		-2071121939.999914
1656		-2071457677.333251
1657		-2071791757.666587
1658		-2072124179.999919
1659		-2072454943.333255
1660		-2072784046.666586
1661		-2073111488.999925
1662		-2073437269.333254
1663		-2073761386.666594
1664		-2074083839.999926
1665		-2074404628.333264
1666		-2074723750.666593
1667		-2075041205.999932
1668		-2075356993.333264
1669		-2075671111.666596
1670		-2075983559.999928
1671		-2076294337.333261
1672		-2076603442.666599
1673		-2076910874.999932
1674		-2077216633.333267
1675		-2077520716.666602
1676		-2077823123.999934
1677		-2078123854.333269
1678		-2078422906.666605
1679		-2078720279.999933
1680		-2079015973.333271
1681		-2079309985.666602
1682		-2079602315.999938
1683		-2079892963.333274
1684		-2080181926.666606
1685		-2080469204.999936
1686		-2080754797.333277
1687		-2081038702.666605
1688		-2081320919.999941
1689		-2081601448.333269
1690		-2081880286.666606
1691		-2082157433.999940
1692		-2082432889.333273
1693		-2082706651.666608
1694		-2082978719.999939
1695		-2083249093.333271
1696		-2083517770.666614
1697		-2083784750.999940
1698		-2084050033.333274
1699		-2084313616.666611
1700		-2084575499.999944
1701		-2084835682.333278
1702		-2085094162.666612
1703		-2085350939.999942
1704		-2085606013.333278
1705		-2085859381.666607
1706		-2086111043.999941
1707		-2086360999.333278
1708		-2086609246.666610
1709		-2086855784.999943
1710		-2087100613.333276
1711		-2087343730.666613
1712		-2087585135.999944
1713		-2087824828.333276
1714		-2088062806.666610
1715		-2088299069.999944
1716		-2088533617.333282
1717		-2088766447.666613
1718		-2088997559.999944
1719		-2089226953.333279
1720		-2089454626.666612
1721		-2089680578.999946
1722		-2089904809.333278
1723		-2090127316.666612
1724		-2090348099.999947
1725		-2090567158.333276
1726		-2090784490.666614
1727		-2091000095.999945
1728		-2091213973.333279
1729		-2091426121.666613
1730		-2091636539.999943
1731		-2091845227.333277
1732		-2092052182.666614
1733		-2092257404.999949
1734		-2092460893.333282
1735		-2092662646.666614
1736		-2092862663.999945
1737		-2093060944.333280
1738		-2093257486.666616
1739		-2093452289.999949
1740		-2093645353.333280
1741		-2093836675.666613
1742		-2094026255.999953
1743		-2094214093.333278
1744		-2094400186.666611
1745		-2094584534.999946
1746		-2094767137.333284
1747		-2094947992.666613
1748		-2095127099.999948
1749		-2095304458.333278
1750		-2095480066.666616
1751		-2095653923.999944
1752		-2095826029.333283
1753		-2095996381.666612
1754		-2096164979.999944
1755		-2096331823.333277
1756		-2096496910.666610
1757		-2096660240.999950
1758		-2096821813.333279
1759		-2096981626.666610
1760		-2097139679.999946
1761		-2097295972.333277
1762		-2097450502.666612
1763		-2097603269.999943
1764		-2097754273.333276
1765		-2097903511.666608
1766		-2098050983.999945
1767		-2098196689.333277
1768		-2098340626.666611
1769		-2098482794.999948
1770		-2098623193.333278
1771		-2098761820.666609
1772		-2098898675.999943
1773		-2099033758.333277
1774		-2099167066.666612
1775		-2099298599.999945
1776		-2099428357.333275
1777		-2099556337.666610
1778		-2099682539.999943
1779		-2099806963.333272
1780		-2099929606.666609
1781		-2100050468.999943
1782		-2100169549.333275
1783		-2100286846.666611
1784		-2100402359.999941
1785		-2100516088.333277
1786		-2100628030.666616
1787		-2100738185.999939
1788		-2100846553.333273
1789		-2100953131.666610
1790		-2101057919.999942
1791		-2101160917.333278
1792		-2101262122.666608
1793		-2101361534.999946
1794		-2101459153.333278
1795		-2101554976.666612
1796		-2101649003.999946
1797		-2101741234.333278
1798		-2101831666.666606
1799		-2101920299.999947
1800		-2102007133.333281
1801		-2102092165.666611
1802		-2102175395.999944
1803		-2102256823.333280
1804		-2102336446.666611
1805		-2102414264.999946
1806		-2102490277.333282
1807		-2102564482.666617
1808		-2102636879.999949
1809		-2102707468.333279
1810		-2102776246.666618
1811		-2102843213.999949
1812		-2102908369.333282
1813		-2102971711.666618
1814		-2103033239.999946
1815		-2103092953.333285
1816		-2103150850.666612
1817		-2103206930.999949
1818		-2103261193.333283
1819		-2103313636.666615
1820		-2103364259.999953
1821		-2103413062.333284
1822		-2103460042.666618
1823		-2103505199.999948
1824		-2103548533.333283
1825		-2103590041.666614
1826		-2103629723.999948
1827		-2103667579.333280
1828		-2103703606.666617
1829		-2103737804.999949
1830		-2103770173.333280
1831		-2103800710.666612
1832		-2103829415.999948
1833		-2103856288.333283
1834		-2103881326.666616
1835		-2103904529.999945
1836		-2103925897.333280
1837		-2103945427.666616
1838		-2103963119.999944
1839		-2103978973.333283
1840		-2103992986.666617
1841		-2104005158.999945
1842		-2104015489.333282
1843		-2104023976.666617
1844		-2104030619.999947
1845		-2104035418.333284
1846		-2104038370.666618
1847		-2104039475.999951
1848		-2104038733.333285
1849		-2104036141.666613
1850		-2104031699.999949
1851		-2104025407.333280
1852		-2104017262.666618
1853		-2104007264.999946
1854		-2103995413.333283
1855		-2103981706.666614
1856		-2103966143.999949
1857		-2103948724.333282
1858		-2103929446.666618
1859		-2103908309.999946
1860		-2103885313.333278
1861		-2103860455.666615
1862		-2103833735.999946
1863		-2103805153.333280
1864		-2103774706.666610
1865		-2103742394.999944
1866		-2103708217.333279
1867		-2103672172.666611
1868		-2103634259.999941
1869		-2103594478.333277
1870		-2103552826.666607
1871		-2103509303.999943
1872		-2103463909.333280
1873		-2103416641.666610
1874		-2103367499.999945
1875		-2103316483.333281
1876		-2103263590.666617
1877		-2103208820.999946
1878		-2103152173.333281
1879		-2103093646.666612
1880		-2103033239.999947
1881		-2102970952.333281
1882		-2102906782.666615
1883		-2102840729.999945
1884		-2102772793.333277
1885		-2102702971.666611
1886		-2102631263.999948
1887		-2102557669.333280
1888		-2102482186.666613
1889		-2102404814.999949
1890		-2102325553.333280
1891		-2102244400.666615
1892		-2102161355.999943
1893		-2102076418.333281
1894		-2101989586.666618
1895		-2101900859.999946
1896		-2101810237.333283
1897		-2101717717.666610
1898		-2101623299.999949
1899		-2101526983.333286
1900		-2101428766.666626
1901		-2101328648.999949
1902		-2101226629.333286
1903		-2101122706.666616
1904		-2101016879.999952
1905		-2100909148.333283
1906		-2100799510.666619
1907		-2100687965.999953
1908		-2100574513.333280
1909		-2100459151.666619
1910		-2100341879.999955
1911		-2100222697.333281
1912		-2100101602.666621
1913		-2099978594.999955
1914		-2099853673.333293
1915		-2099726836.666622
1916		-2099598083.999958
1917		-2099467414.333293
1918		-2099334826.666625
1919		-2099200319.999959
1920		-2099063893.333292
1921		-2098925545.666624
1922		-2098785275.999957
1923		-2098643083.333292
1924		-2098498966.666623
1925		-2098352924.999957
1926		-2098204957.333293
1927		-2098055062.666626
1928		-2097903239.999960
1929		-2097749488.333292
1930		-2097593806.666626
1931		-2097436193.999959
1932		-2097276649.333293
1933		-2097115171.666630
1934		-2096951759.999961
1935		-2096786413.333295
1936		-2096619130.666626
1937		-2096449910.999963
1938		-2096278753.333295
1939		-2096105656.666630
1940		-2095930619.999962
1941		-2095753642.333294
1942		-2095574722.666625
1943		-2095393859.999959
1944		-2095211053.333295
1945		-2095026301.666625
1946		-2094839603.999959
1947		-2094650959.333296
1948		-2094460366.666628
1949		-2094267824.999961
1950		-2094073333.333296
1951		-2093876890.666628
1952		-2093678495.999961
1953		-2093478148.333297
1954		-2093275846.666630
1955		-2093071589.999960
1956		-2092865377.333296
1957		-2092657207.666629
1958		-2092447079.999966
1959		-2092234993.333295
1960		-2092020946.666630
1961		-2091804938.999959
1962		-2091586969.333298
1963		-2091367036.666631
1964		-2091145139.999964
1965		-2090921278.333295
1966		-2090695450.666632
1967		-2090467655.999963
1968		-2090237893.333297
1969		-2090006161.666635
1970		-2089772459.999965
1971		-2089536787.333294
1972		-2089299142.666627
1973		-2089059524.999965
1974		-2088817933.333301
1975		-2088574366.666632
1976		-2088328823.999962
1977		-2088081304.333300
1978		-2087831806.666634
1979		-2087580329.999968
1980		-2087326873.333301
1981		-2087071435.666634
1982		-2086814015.999970
1983		-2086554613.333298
1984		-2086293226.666634
1985		-2086029854.999970
1986		-2085764497.333301
1987		-2085497152.666635
1988		-2085227819.999969
1989		-2084956498.333301
1990		-2084683186.666632
1991		-2084407883.999967
1992		-2084130589.333304
1993		-2083851301.666633
1994		-2083570019.999969
1995		-2083286743.333300
1996		-2083001470.666635
1997		-2082714200.999965
1998		-2082424933.333300
1999		-2082133666.666636
2000		-2081840399.999968
2001		-2081545132.333305
2002		-2081247862.666634
2003		-2080948589.999965
2004		-2080647313.333302
2005		-2080344031.666635
2006		-2080038743.999970
2007		-2079731449.333303
2008		-2079422146.666638
2009		-2079110834.999973
2010		-2078797513.333307
2011		-2078482180.666641
2012		-2078164835.999969
2013		-2077845478.333306
2014		-2077524106.666640
2015		-2077200719.999972
2016		-2076875317.333307
2017		-2076547897.666641
2018		-2076218459.999971
2019		-2075887003.333310
2020		-2075553526.666637
2021		-2075218028.999971
2022		-2074880509.333309
2023		-2074540966.666638
2024		-2074199399.999971
2025		-2073855808.333305
2026		-2073510190.666639
2027		-2073162545.999973
2028		-2072812873.333302
2029		-2072461171.666636
2030		-2072107439.999970
2031		-2071751677.333303
2032		-2071393882.666636
2033		-2071034054.999969
2034		-2070672193.333304
2035		-2070308296.666635
2036		-2069942363.999967
2037		-2069574394.333306
2038		-2069204386.666634
2039		-2068832339.999969
2040		-2068458253.333307
2041		-2068082125.666638
2042		-2067703955.999967
2043		-2067323743.333305
2044		-2066941486.666640
2045		-2066557184.999973
2046		-2066170837.333303
2047		-2065782442.666635
2048		-2065391999.999966
2049		-2064999508.333303
2050		-2064604966.666635
2051		-2064208373.999970
2052		-2063809729.333301
2053		-2063409031.666631
2054		-2063006279.999965
2055		-2062601473.333297
2056		-2062194610.666634
2057		-2061785690.999967
2058		-2061374713.333297
2059		-2060961676.666631
2060		-2060546579.999960
2061		-2060129422.333297
2062		-2059710202.666628
2063		-2059288919.999960
2064		-2058865573.333292
2065		-2058440161.666629
2066		-2058012683.999961
2067		-2057583139.333295
2068		-2057151526.666628
2069		-2056717844.999965
2070		-2056282093.333297
2071		-2055844270.666629
2072		-2055404375.999961
2073		-2054962408.333292
2074		-2054518366.666627
2075		-2054072249.999961
2076		-2053624057.333297
2077		-2053173787.666629
2078		-2052721439.999965
2079		-2052267013.333297
2080		-2051810506.666626
2081		-2051351918.999959
2082		-2050891249.333296
2083		-2050428496.666627
2084		-2049963659.999966
2085		-2049496738.333295
2086		-2049027730.666631
2087		-2048556635.999961
2088		-2048083453.333298
2089		-2047608181.666628
2090		-2047130819.999966
2091		-2046651367.333295
2092		-2046169822.666630
2093		-2045686184.999964
2094		-2045200453.333299
2095		-2044712626.666632
2096		-2044222703.999970
2097		-2043730684.333304
2098		-2043236566.666636
2099		-2042740349.999968
2100		-2042242033.333301
2101		-2041741615.666638
2102		-2041239095.999972
2103		-2040734473.333304
2104		-2040227746.666639
2105		-2039718914.999973
2106		-2039207977.333304
2107		-2038694932.666640
2108		-2038179779.999970
2109		-2037662518.333308
2110		-2037143146.666640
2111		-2036621663.999978
2112		-2036098069.333311
2113		-2035572361.666640
2114		-2035044539.999971
2115		-2034514603.333311
2116		-2033982550.666643
2117		-2033448380.999974
2118		-2032912093.333306
2119		-2032373686.666642
2120		-2031833159.999973
2121		-2031290512.333306
2122		-2030745742.666645
2123		-2030198849.999977
2124		-2029649833.333308
2125		-2029098691.666642
2126		-2028545423.999970
2127		-2027990029.333309
2128		-2027432506.666640
2129		-2026872854.999973
2130		-2026311073.333303
2131		-2025747160.666641
2132		-2025181115.999970
2133		-2024612938.333307
2134		-2024042626.666642
2135		-2023470179.999971
2136		-2022895597.333306
2137		-2022318877.666640
2138		-2021740019.999970
2139		-2021159023.333303
2140		-2020575886.666638
2141		-2019990608.999972
2142		-2019403189.333305
2143		-2018813626.666641
2144		-2018221919.999970
2145		-2017628068.333304
2146		-2017032070.666638
2147		-2016433925.999968
2148		-2015833633.333302
2149		-2015231191.666636
2150		-2014626599.999969
2151		-2014019857.333302
2152		-2013410962.666637
2153		-2012799914.999974
2154		-2012186713.333308
2155		-2011571356.666639
2156		-2010953843.999972
2157		-2010334174.333306
2158		-2009712346.666643
2159		-2009088359.999973
2160		-2008462213.333309
2161		-2007833905.666640
2162		-2007203435.999979
2163		-2006570803.333306
2164		-2005936006.666640
2165		-2005299044.999973
2166		-2004659917.333307
2167		-2004018622.666636
2168		-2003375159.999973
2169		-2002729528.333302
2170		-2002081726.666636
2171		-2001431753.999969
2172		-2000779609.333305
2173		-2000125291.666639
2174		-1999468799.999975
2175		-1998810133.333309
2176		-1998149290.666642
2177		-1997486270.999980
2178		-1996821073.333313
2179		-1996153696.666646
2180		-1995484139.999982
2181		-1994812402.333316
2182		-1994138482.666646
2183		-1993462379.999985
2184		-1992784093.333315
2185		-1992103621.666649
2186		-1991420963.999982
2187		-1990736119.333319
2188		-1990049086.666654
2189		-1989359864.999987
2190		-1988668453.333318
2191		-1987974850.666652
2192		-1987279055.999988
2193		-1986581068.333319
2194		-1985880886.666654
2195		-1985178509.999985
2196		-1984473937.333320
2197		-1983767167.666653
2198		-1983058199.999985
2199		-1982347033.333321
2200		-1981633666.666656
2201		-1980918098.999988
2202		-1980200329.333322
2203		-1979480356.666655
2204		-1978758179.999986
2205		-1978033798.333319
2206		-1977307210.666654
2207		-1976578415.999988
2208		-1975847413.333317
2209		-1975114201.666654
2210		-1974378779.999987
2211		-1973641147.333320
2212		-1972901302.666656
2213		-1972159244.999990
2214		-1971414973.333326
2215		-1970668486.666657
2216		-1969919783.999995
2217		-1969168864.333324
2218		-1968415726.666657
2219		-1967660369.999990
2220		-1966902793.333326
2221		-1966142995.666660
2222		-1965380975.999993
2223		-1964616733.333327
2224		-1963850266.666661
2225		-1963081574.999999
2226		-1962310657.333327
2227		-1961537512.666665
2228		-1960762140.000000
2229		-1959984538.333333
2230		-1959204706.666667
2231		-1958422643.999995
2232		-1957638349.333333
2233		-1956851821.666664
2234		-1956063059.999996
2235		-1955272063.333329
2236		-1954478830.666664
2237		-1953683360.999999
2238		-1952885653.333336
2239		-1952085706.666667
2240		-1951283520.000000
2241		-1950479092.333333
2242		-1949672422.666670
2243		-1948863509.999998
2244		-1948052353.333335
2245		-1947238951.666667
2246		-1946423304.000003
2247		-1945605409.333337
2248		-1944785266.666672
2249		-1943962875.000003
2250		-1943138233.333334
2251		-1942311340.666667
2252		-1941482196.000003
2253		-1940650798.333334
2254		-1939817146.666662
2255		-1938981240.000001
2256		-1938143077.333328
2257		-1937302657.666657
2258		-1936459979.999995
2259		-1935615043.333330
2260		-1934767846.666660
2261		-1933918388.999994
2262		-1933066669.333326
2263		-1932212686.666658
2264		-1931356439.999995
2265		-1930497928.333326
2266		-1929637150.666662
2267		-1928774105.999991
2268		-1927908793.333328
2269		-1927041211.666662
2270		-1926171359.999993
2271		-1925299237.333329
2272		-1924424842.666663
2273		-1923548174.999995
2274		-1922669233.333325
2275		-1921788016.666662
2276		-1920904523.999998
2277		-1920018754.333333
2278		-1919130706.666661
2279		-1918240379.999999
2280		-1917347773.333334
2281		-1916452885.666663
2282		-1915555715.999997
2283		-1914656263.333331
2284		-1913754526.666662
2285		-1912850504.999993
2286		-1911944197.333329
2287		-1911035602.666662
2288		-1910124719.999995
2289		-1909211548.333333
2290		-1908296086.666665
2291		-1907378333.999997
2292		-1906458289.333323
2293		-1905535951.666661
2294		-1904611319.999998
2295		-1903684393.333328
2296		-1902755170.666656
2297		-1901823650.999991
2298		-1900889833.333320
2299		-1899953716.666655
2300		-1899015299.999984
2301		-1898074582.333320
2302		-1897131562.666651
2303		-1896186239.999982
2304		-1895238613.333318
2305		-1894288681.666651
2306		-1893336443.999985
2307		-1892381899.333321
2308		-1891425046.666651
2309		-1890465884.999984
2310		-1889504413.333314
2311		-1888540630.666647
2312		-1887574535.999982
2313		-1886606128.333317
2314		-1885635406.666648
2315		-1884662369.999979
2316		-1883687017.333313
2317		-1882709347.666648
2318		-1881729359.999979
2319		-1880747053.333315
2320		-1879762426.666647
2321		-1878775478.999981
2322		-1877786209.333309
2323		-1876794616.666645
2324		-1875800699.999981
2325		-1874804458.333316
2326		-1873805890.666645
2327		-1872804995.999981
2328		-1871801773.333311
2329		-1870796221.666643
2330		-1869788339.999979
2331		-1868778127.333316
2332		-1867765582.666646
2333		-1866750704.999979
2334		-1865733493.333313
2335		-1864713946.666652
2336		-1863692063.999980
2337		-1862667844.333317
2338		-1861641286.666648
2339		-1860612389.999983
2340		-1859581153.333316
2341		-1858547575.666649
2342		-1857511655.999983
2343		-1856473393.333319
2344		-1855432786.666652
2345		-1854389834.999987
2346		-1853344537.333321
2347		-1852296892.666654
2348		-1851246899.999985
2349		-1850194558.333319
2350		-1849139866.666658
2351		-1848082823.999985
2352		-1847023429.333319
2353		-1845961681.666651
2354		-1844897579.999988
2355		-1843831123.333319
2356		-1842762310.666652
2357		-1841691140.999988
2358		-1840617613.333319
2359		-1839541726.666649
2360		-1838463479.999987
2361		-1837382872.333322
2362		-1836299902.666654
2363		-1835214569.999989
2364		-1834126873.333323
2365		-1833036811.666656
2366		-1831944383.999988
2367		-1830849589.333323
2368		-1829752426.666657
2369		-1828652894.999987
2370		-1827550993.333322
2371		-1826446720.666652
2372		-1825340075.999986
2373		-1824231058.333316
2374		-1823119666.666648
2375		-1822005899.999984
2376		-1820889757.333316
2377		-1819771237.666651
2378		-1818650339.999985
2379		-1817527063.333318
2380		-1816401406.666653
2381		-1815273368.999986
2382		-1814142949.333317
2383		-1813010146.666649
2384		-1811874959.999986
2385		-1810737388.333320
2386		-1809597430.666652
2387		-1808455085.999985
2388		-1807310353.333318
2389		-1806163231.666653
2390		-1805013719.999991
2391		-1803861817.333324
2392		-1802707522.666656
2393		-1801550834.999988
2394		-1800391753.333324
2395		-1799230276.666656
2396		-1798066403.999987
2397		-1796900134.333322
2398		-1795731466.666657
2399		-1794560399.999987
2400		-1793386933.333322
2401		-1792211065.666661
2402		-1791032795.999991
2403		-1789852123.333325
2404		-1788669046.666658
2405		-1787483564.999993
2406		-1786295677.333325
2407		-1785105382.666658
2408		-1783912679.999995
2409		-1782717568.333325
2410		-1781520046.666657
2411		-1780320113.999993
2412		-1779117769.333324
2413		-1777913011.666661
2414		-1776705839.999993
2415		-1775496253.333328
2416		-1774284250.666657
2417		-1773069830.999991
2418		-1771852993.333323
2419		-1770633736.666658
2420		-1769412059.999988
2421		-1768187962.333323
2422		-1766961442.666655
2423		-1765732499.999990
2424		-1764501133.333326
2425		-1763267341.666658
2426		-1762031123.999989
2427		-1760792479.333323
2428		-1759551406.666656
2429		-1758307904.999990
2430		-1757061973.333325
2431		-1755813610.666659
2432		-1754562815.999994
2433		-1753309588.333327
2434		-1752053926.666664
2435		-1750795829.999997
2436		-1749535297.333332
2437		-1748272327.666663
2438		-1747006919.999997
2439		-1745739073.333329
2440		-1744468786.666662
2441		-1743196058.999996
2442		-1741920889.333333
2443		-1740643276.666667
2444		-1739363219.999999
2445		-1738080718.333332
2446		-1736795770.666664
2447		-1735508376.000001
2448		-1734218533.333335
2449		-1732926241.666670
2450		-1731631500.000000
2451		-1730334307.333333
2452		-1729034662.666667
2453		-1727732565.000000
2454		-1726428013.333334
2455		-1725121006.666670
2456		-1723811544.000001
2457		-1722499624.333337
2458		-1721185246.666669
2459		-1719868410.000004
2460		-1718549113.333339
2461		-1717227355.666672
2462		-1715903136.000002
2463		-1714576453.333338
2464		-1713247306.666669
2465		-1711915695.000002
2466		-1710581617.333335
2467		-1709245072.666672
2468		-1707906060.000002
2469		-1706564578.333338
2470		-1705220626.666671
2471		-1703874204.000001
2472		-1702525309.333338
2473		-1701173941.666668
2474		-1699820100.000000
2475		-1698463783.333332
2476		-1697104990.666670
2477		-1695743720.999999
2478		-1694379973.333335
2479		-1693013746.666668
2480		-1691645040.000000
2481		-1690273852.333334
2482		-1688900182.666667
2483		-1687524030.000000
2484		-1686145393.333334
2485		-1684764271.666664
2486		-1683380663.999998
2487		-1681994569.333329
2488		-1680605986.666665
2489		-1679214914.999998
2490		-1677821353.333331
2491		-1676425300.666661
2492		-1675026755.999997
2493		-1673625718.333328
2494		-1672222186.666662
2495		-1670816159.999993
2496		-1669407637.333325
2497		-1667996617.666659
2498		-1666583099.999995
2499		-1665167083.333323
2500		-1663748566.666658
2501		-1662327548.999993
2502		-1660904029.333327
2503		-1659478006.666659
2504		-1658049479.999994
2505		-1656618448.333325
2506		-1655184910.666655
2507		-1653748865.999990
2508		-1652310313.333326
2509		-1650869251.666658
2510		-1649425679.999991
2511		-1647979597.333325
2512		-1646531002.666661
2513		-1645079894.999990
2514		-1643626273.333326
2515		-1642170136.666657
2516		-1640711483.999990
2517		-1639250314.333326
2518		-1637786626.666661
2519		-1636320419.999994
2520		-1634851693.333328
2521		-1633380445.666661
2522		-1631906675.999996
2523		-1630430383.333329
2524		-1628951566.666660
2525		-1627470224.999995
2526		-1625986357.333329
2527		-1624499962.666663
2528		-1623011039.999997
2529		-1621519588.333328
2530		-1620025606.666663
2531		-1618529093.999995
2532		-1617030049.333328
2533		-1615528471.666660
2534		-1614024359.999995
2535		-1612517713.333328
2536		-1611008530.666663
2537		-1609496810.999994
2538		-1607982553.333325
2539		-1606465756.666658
2540		-1604946419.999994
2541		-1603424542.333329
2542		-1601900122.666662
2543		-1600373159.999992
2544		-1598843653.333325
2545		-1597311601.666659
2546		-1595777003.999992
2547		-1594239859.333328
2548		-1592700166.666662
2549		-1591157924.999996
2550		-1589613133.333329
2551		-1588065790.666663
2552		-1586515895.999996
2553		-1584963448.333331
2554		-1583408446.666665
2555		-1581850889.999996
2556		-1580290777.333331
2557		-1578728107.666660
2558		-1577162879.999993
2559		-1575595093.333328
2560		-1574024746.666663
2561		-1572451838.999993
2562		-1570876369.333324
2563		-1569298336.666656
2564		-1567717739.999990
2565		-1566134578.333320
2566		-1564548850.666654
2567		-1562960555.999988
2568		-1561369693.333319
2569		-1559776261.666651
2570		-1558180259.999984
2571		-1556581687.333317
2572		-1554980542.666648
2573		-1553376824.999982
2574		-1551770533.333317
2575		-1550161666.666649
2576		-1548550223.999982
2577		-1546936204.333313
2578		-1545319606.666644
2579		-1543700429.999980
2580		-1542078673.333314
2581		-1540454335.666649
2582		-1538827415.999982
2583		-1537197913.333315
2584		-1535565826.666648
2585		-1533931154.999982
2586		-1532293897.333316
2587		-1530654052.666649
2588		-1529011619.999986
2589		-1527366598.333316
2590		-1525718986.666651
2591		-1524068783.999982
2592		-1522415989.333315
2593		-1520760601.666651
2594		-1519102619.999983
2595		-1517442043.333319
2596		-1515778870.666653
2597		-1514113100.999986
2598		-1512444733.333319
2599		-1510773766.666653
2600		-1509100199.999986
2601		-1507424032.333319
2602		-1505745262.666654
2603		-1504063889.999987
2604		-1502379913.333320
2605		-1500693331.666653
2606		-1499004143.999986
2607		-1497312349.333319
2608		-1495617946.666653
2609		-1493920934.999987
2610		-1492221313.333319
2611		-1490519080.666651
2612		-1488814235.999984
2613		-1487106778.333317
2614		-1485396706.666651
2615		-1483684019.999985
2616		-1481968717.333315
2617		-1480250797.666649
2618		-1478530259.999981
2619		-1476807103.333315
2620		-1475081326.666646
2621		-1473352928.999979
2622		-1471621909.333308
2623		-1469888266.666640
2624		-1468151999.999974
2625		-1466413108.333303
2626		-1464671590.666637
2627		-1462927445.999972
2628		-1461180673.333304
2629		-1459431271.666636
2630		-1457679239.999972
2631		-1455924577.333301
2632		-1454167282.666635
2633		-1452407354.999966
2634		-1450644793.333300
2635		-1448879596.666633
2636		-1447111763.999967
2637		-1445341294.333301
2638		-1443568186.666637
2639		-1441792439.999968
2640		-1440014053.333302
2641		-1438233025.666636
2642		-1436449355.999970
2643		-1434663043.333304
2644		-1432874086.666639
2645		-1431082484.999971
2646		-1429288237.333303
2647		-1427491342.666638
2648		-1425691799.999973
2649		-1423889608.333307
2650		-1422084766.666641
2651		-1420277273.999975
2652		-1418467129.333308
2653		-1416654331.666644
2654		-1414838879.999975
2655		-1413020773.333306
2656		-1411200010.666641
2657		-1409376590.999974
2658		-1407550513.333306
2659		-1405721776.666642
2660		-1403890379.999976
2661		-1402056322.333311
2662		-1400219602.666647
2663		-1398380219.999979
2664		-1396538173.333311
2665		-1394693461.666643
2666		-1392846083.999976
2667		-1390996039.333309
2668		-1389143326.666643
2669		-1387287944.999973
2670		-1385429893.333311
2671		-1383569170.666646
2672		-1381705775.999979
2673		-1379839708.333312
2674		-1377970966.666645
2675		-1376099549.999982
2676		-1374225457.333314
2677		-1372348687.666648
2678		-1370469239.999981
2679		-1368587113.333316
2680		-1366702306.666647
2681		-1364814818.999985
2682		-1362924649.333318
2683		-1361031796.666653
2684		-1359136259.999985
2685		-1357238038.333319
2686		-1355337130.666655
2687		-1353433535.999989
2688		-1351527253.333321
2689		-1349618281.666657
2690		-1347706619.999988
2691		-1345792267.333321
2692		-1343875222.666654
2693		-1341955484.999987
2694		-1340033053.333318
2695		-1338107926.666653
2696		-1336180103.999985
2697		-1334249584.333318
2698		-1332316366.666651
2699		-1330380449.999985
2700		-1328441833.333318
2701		-1326500515.666652
2702		-1324556495.999985
2703		-1322609773.333318
2704		-1320660346.666653
2705		-1318708214.999988
2706		-1316753377.333321
2707		-1314795832.666654
2708		-1312835579.999989
2709		-1310872618.333323
2710		-1308906946.666655
2711		-1306938563.999988
2712		-1304967469.333322
2713		-1302993661.666658
2714		-1301017139.999989
2715		-1299037903.333322
2716		-1297055950.666655
2717		-1295071280.999987
2718		-1293083893.333317
2719		-1291093786.666650
2720		-1289100959.999983
2721		-1287105412.333316
2722		-1285107142.666649
2723		-1283106149.999980
2724		-1281102433.333312
2725		-1279095991.666644
2726		-1277086823.999979
2727		-1275074929.333311
2728		-1273060306.666644
2729		-1271042954.999977
2730		-1269022873.333313
2731		-1267000060.666648
2732		-1264974515.999982
2733		-1262946238.333316
2734		-1260915226.666650
2735		-1258881479.999985
2736		-1256844997.333320
2737		-1254805777.666653
2738		-1252763819.999987
2739		-1250719123.333319
2740		-1248671686.666651
2741		-1246621508.999985
2742		-1244568589.333316
2743		-1242512926.666650
2744		-1240454519.999983
2745		-1238393368.333317
2746		-1236329470.666651
2747		-1234262825.999982
2748		-1232193433.333314
2749		-1230121291.666647
2750		-1228046399.999978
2751		-1225968757.333313
2752		-1223888362.666647
2753		-1221805214.999981
2754		-1219719313.333315
2755		-1217630656.666648
2756		-1215539243.999984
2757		-1213445074.333318
2758		-1211348146.666650
2759		-1209248459.999983
2760		-1207146013.333316
2761		-1205040805.666649
2762		-1202932835.999980
2763		-1200822103.333314
2764		-1198708606.666646
2765		-1196592344.999979
2766		-1194473317.333313
2767		-1192351522.666646
2768		-1190226959.999980
2769		-1188099628.333310
2770		-1185969526.666644
2771		-1183836653.999976
2772		-1181701009.333310
2773		-1179562591.666641
2774		-1177421399.999974
2775		-1175277433.333306
2776		-1173130690.666637
2777		-1170981170.999971
2778		-1168828873.333303
2779		-1166673796.666637
2780		-1164515939.999971
2781		-1162355302.333303
2782		-1160191882.666637
2783		-1158025679.999972
2784		-1155856693.333303
2785		-1153684921.666636
2786		-1151510363.999969
2787		-1149333019.333299
2788		-1147152886.666632
2789		-1144969964.999963
2790		-1142784253.333295
2791		-1140595750.666630
2792		-1138404455.999963
2793		-1136210368.333294
2794		-1134013486.666628
2795		-1131813809.999962
2796		-1129611337.333297
2797		-1127406067.666628
2798		-1125197999.999960
2799		-1122987133.333291
2800		-1120773466.666622
2801		-1118556998.999955
2802		-1116337729.333287
2803		-1114115656.666620
2804		-1111890779.999953
2805		-1109663098.333284
2806		-1107432610.666617
2807		-1105199315.999950
2808		-1102963213.333282
2809		-1100724301.666612
2810		-1098482579.999942
2811		-1096238047.333274
2812		-1093990702.666608
2813		-1091740544.999941
2814		-1089487573.333273
2815		-1087231786.666605
2816		-1084973183.999936
2817		-1082711764.333271
2818		-1080447526.666603
2819		-1078180469.999936
2820		-1075910593.333269
2821		-1073637895.666632
2822		-1071362375.999964
2823		-1069084033.333296
2824		-1066802866.666631
2825		-1064518874.999964
2826		-1062232057.333297
2827		-1059942412.666631
2828		-1057649939.999965
2829		-1055354638.333301
2830		-1053056506.666631
2831		-1050755543.999964
2832		-1048451749.333297
2833		-1046145121.666629
2834		-1043835659.999962
2835		-1041523363.333295
2836		-1039208230.666627
2837		-1036890260.999959
2838		-1034569453.333292
2839		-1032245806.666624
2840		-1029919319.999958
2841		-1027589992.333291
2842		-1025257822.666624
2843		-1022922809.999959
2844		-1020584953.333294
2845		-1018244251.666627
2846		-1015900703.999960
2847		-1013554309.333294
2848		-1011205066.666627
2849		-1008852974.999960
2850		-1006498033.333294
2851		-1004140240.666627
2852		-1001779595.999960
2853		-999416098.333292
2854		-997049746.666626
2855		-994680539.999958
2856		-992308477.333294
2857		-989933557.666626
2858		-987555779.999961
2859		-985175143.333294
2860		-982791646.666628
2861		-980405288.999959
2862		-978016069.333293
2863		-975623986.666628
2864		-973229039.999960
2865		-970831228.333294
2866		-968430550.666628
2867		-966027005.999963
2868		-963620593.333297
2869		-961211311.666631
2870		-958799159.999966
2871		-956384137.333296
2872		-953966242.666631
2873		-951545474.999963
2874		-949121833.333296
2875		-946695316.666630
2876		-944265923.999963
2877		-941833654.333297
2878		-939398506.666629
2879		-936960479.999962
2880		-934519573.333296
2881		-932075785.666630
2882		-929629115.999962
2883		-927179563.333295
2884		-924727126.666626
2885		-922271804.999960
2886		-919813597.333292
2887		-917352502.666626
2888		-914888519.999958
2889		-912421648.333292
2890		-909951886.666625
2891		-907479233.999959
2892		-905003689.333292
2893		-902525251.666623
2894		-900043919.999956
2895		-897559693.333288
2896		-895072570.666622
2897		-892582550.999953
2898		-890089633.333288
2899		-887593816.666622
2900		-885095099.999956
2901		-882593482.333288
2902		-880088962.666624
2903		-877581539.999956
2904		-875071213.333291
2905		-872557981.666623
2906		-870041843.999958
2907		-867522799.333292
2908		-865000846.666625
2909		-862475984.999958
2910		-859948213.333291
2911		-857417530.666625
2912		-854883935.999957
2913		-852347428.333291
2914		-849808006.666623
2915		-847265669.999956
2916		-844720417.333290
2917		-842172247.666624
2918		-839621159.999959
2919		-837067153.333290
2920		-834510226.666624
2921		-831950378.999959
2922		-829387609.333292
2923		-826821916.666625
2924		-824253299.999957
2925		-821681758.333292
2926		-819107290.666624
2927		-816529895.999957
2928		-813949573.333289
2929		-811366321.666623
2930		-808780139.999956
2931		-806191027.333288
2932		-803598982.666621
2933		-801004004.999955
2934		-798406093.333288
2935		-795805246.666622
2936		-793201463.999956
2937		-790594744.333288
2938		-787985086.666623
2939		-785372489.999956
2940		-782756953.333290
2941		-780138475.666625
2942		-777517055.999958
2943		-774892693.333292
2944		-772265386.666626
2945		-769635134.999959
2946		-767001937.333292
2947		-764365792.666626
2948		-761726699.999957
2949		-759084658.333292
2950		-756439666.666625
2951		-753791723.999956
2952		-751140829.333291
2953		-748486981.666625
2954		-745830179.999959
2955		-743170423.333293
2956		-740507710.666626
2957		-737842040.999959
2958		-735173413.333294
2959		-732501826.666628
2960		-729827279.999960
2961		-727149772.333294
2962		-724469302.666628
2963		-721785869.999963
2964		-719099473.333297
2965		-716410111.666630
2966		-713717783.999964
2967		-711022489.333299
2968		-708324226.666633
2969		-705622994.999965
2970		-702918793.333299
2971		-700211620.666631
2972		-697501475.999964
2973		-694788358.333297
2974		-692072266.666630
2975		-689353199.999964
2976		-686631157.333297
2977		-683906137.666630
2978		-681178139.999964
2979		-678447163.333296
2980		-675713206.666630
2981		-672976268.999964
2982		-670236349.333298
2983		-667493446.666632
2984		-664747559.999966
2985		-661998688.333299
2986		-659246830.666632
2987		-656491985.999965
2988		-653734153.333297
2989		-650973331.666631
2990		-648209519.999964
2991		-645442717.333297
2992		-642672922.666631
2993		-639900134.999965
2994		-637124353.333300
2995		-634345576.666634
2996		-631563803.999968
2997		-628779034.333302
2998		-625991266.666636
2999		-623200499.999968
3000		-620406733.333302
3001		-617609965.666635
3002		-614810195.999968
3003		-612007423.333302
3004		-609201646.666636
3005		-606392864.999970
3006		-603581077.333303
3007		-600766282.666637
3008		-597948479.999973
3009		-595127668.333307
3010		-592303846.666642
3011		-589477013.999975
3012		-586647169.333308
3013		-583814311.666644
3014		-580978439.999975
3015		-578139553.333309
3016		-575297650.666641
3017		-572452730.999975
3018		-569604793.333307
3019		-566753836.666641
3020		-563899859.999973
3021		-561042862.333307
3022		-558182842.666640
3023		-555319799.999972
3024		-552453733.333306
3025		-549584641.666640
3026		-546712523.999972
3027		-543837379.333307
3028		-540959206.666640
3029		-538078004.999974
3030		-535193773.333307
3031		-532306510.666640
3032		-529416215.999973
3033		-526522888.333308
3034		-523626526.666641
3035		-520727129.999975
3036		-517824697.333308
3037		-514919227.666641
3038		-512010719.999974
3039		-509099173.333308
3040		-506184586.666642
3041		-503266958.999976
3042		-500346289.333309
3043		-497422576.666642
3044		-494495819.999975
3045		-491566018.333309
3046		-488633170.666640
3047		-485697275.999974
3048		-482758333.333308
3049		-479816341.666642
3050		-476871299.999976
3051		-473923207.333308
3052		-470972062.666641
3053		-468017864.999974
3054		-465060613.333309
3055		-462100306.666641
3056		-459136943.999974
3057		-456170524.333309
3058		-453201046.666642
3059		-450228509.999975
3060		-447252913.333309
3061		-444274255.666642
3062		-441292535.999976
3063		-438307753.333309
3064		-435319906.666642
3065		-432328994.999975
3066		-429335017.333309
3067		-426337972.666643
3068		-423337859.999977
3069		-420334678.333310
3070		-417328426.666643
3071		-414319103.999975
3072		-411306709.333310
3073		-408291241.666643
3074		-405272699.999977
3075		-402251083.333311
3076		-399226390.666643
3077		-396198620.999978
3078		-393167773.333311
3079		-390133846.666645
3080		-387096839.999978
3081		-384056752.333311
3082		-381013582.666644
3083		-377967329.999979
3084		-374917993.333312
3085		-371865571.666645
3086		-368810063.999978
3087		-365751469.333311
3088		-362689786.666645
3089		-359625014.999978
3090		-356557153.333312
3091		-353486200.666646
3092		-350412155.999980
3093		-347335018.333313
3094		-344254786.666648
3095		-341171459.999981
3096		-338085037.333315
3097		-334995517.666649
3098		-331902899.999982
3099		-328807183.333316
3100		-325708366.666650
3101		-322606448.999982
3102		-319501429.333317
3103		-316393306.666649
3104		-313282079.999982
3105		-310167748.333316
3106		-307050310.666650
3107		-303929765.999982
3108		-300806113.333315
3109		-297679351.666649
3110		-294549479.999981
3111		-291416497.333316
3112		-288280402.666651
3113		-285141194.999984
3114		-281998873.333318
3115		-278853436.666651
3116		-275704883.999984
3117		-272553214.333318
3118		-269398426.666651
3119		-266240519.999981
3120		-263079493.333315
3121		-259915345.666648
3122		-256748075.999981
3123		-253577683.333315
3124		-250404166.666649
3125		-247227524.999983
3126		-244047757.333316
3127		-240864862.666650
3128		-237678839.999983
3129		-234489688.333317
3130		-231297406.666651
3131		-228101993.999984
3132		-224903449.333317
3133		-221701771.666651
3134		-218496959.999985
3135		-215289013.333318
3136		-212077930.666652
3137		-208863710.999985
3138		-205646353.333319
3139		-202425856.666653
3140		-199202219.999986
3141		-195975442.333319
3142		-192745522.666652
3143		-189512459.999987
3144		-186276253.333320
3145		-183036901.666654
3146		-179794403.999988
3147		-176548759.333321
3148		-173299966.666655
3149		-170048024.999989
3150		-166792933.333322
3151		-163534690.666655
3152		-160273295.999989
3153		-157008748.333322
3154		-153741046.666656
3155		-150470189.999990
3156		-147196177.333323
3157		-143919007.666657
3158		-140638679.999991
3159		-137355193.333324
3160		-134068546.666658
3161		-130778738.999992
3162		-127485769.333325
3163		-124189636.666658
3164		-120890339.999992
3165		-117587878.333325
3166		-114282250.666659
3167		-110973455.999993
3168		-107661493.333326
3169		-104346361.666660
3170		-101028059.999994
3171		-97706587.333327
3172		-94381942.666660
3173		-91054124.999994
3174		-87723133.333328
3175		-84388966.666661
3176		-81051623.999994
3177		-77711104.333328
3178		-74367406.666662
3179		-71020529.999995
3180		-67670473.333329
3181		-64317235.666662
3182		-60960815.999995
3183		-57601213.333329
3184		-54238426.666663
3185		-50872454.999997
3186		-47503297.333330
3187		-44130952.666664
3188		-40755419.999997
3189		-37376698.333331
3190		-33994786.666664
3191		-30609683.999998
3192		-27221389.333331
3193		-23829901.666665
3194		-20435219.999999
3195		-17037343.333332
3196		-13636270.666666
3197		-10232000.999999
3198		-6824533.333333
3199		-3413866.666666
