             0.000000                0.000000
             0.111111                0.013955
             0.222222                0.027836
             0.333333                0.041581
             0.444444                0.055123
             0.555556                0.068400
             0.666667                0.081346
             0.777778                0.093898
             0.888889                0.105991
             1.000000                0.117561
             1.000000                0.117561
             1.111111                0.128578
             1.222222                0.138950
             1.333333                0.148640
             1.444444                0.157615
             1.555556                0.165840
             1.666667                0.173281
             1.777778                0.179901
             1.888889                0.185668
             2.000000                0.190547
             2.000000                0.190547
             2.111111                0.744724
             2.222222                1.092171
             2.333333                1.274142
             2.444444                1.331893
             2.555556                1.306682
             2.666667                1.239762
             2.777778                1.172392
             2.888889                1.145826
             3.000000                1.201320
             3.000000                1.201320
             3.111111                1.144709
             3.222222                1.170737
             3.333333                1.238762
             3.444444                1.308142
             3.555556                1.338235
             3.666667                1.288399
             3.777778                1.117991
             3.888889                0.786370
             4.000000                0.252892
             4.000000                0.252892
             4.111111                0.273302
             4.222222                0.299504
             4.333333                0.331038
             4.444444                0.367446
             4.555556                0.408269
             4.666667                0.453048
             4.777778                0.501324
             4.888889                0.552638
             5.000000                0.606531
             5.000000                0.606531
             5.111111                0.660065
             5.222222                0.711358
             5.333333                0.758919
             5.444444                0.801257
             5.555556                0.836882
             5.666667                0.864303
             5.777778                0.882031
             5.888889                0.888575
             6.000000                0.882443
             6.000000                0.882443
             6.111111                0.865995
             6.222222                0.836991
             6.333333                0.797025
             6.444444                0.747691
             6.555556                0.690584
             6.666667                0.627299
             6.777778                0.559430
             6.888889                0.488572
             7.000000                0.416319
             7.000000                0.416319
             7.111111                0.344611
             7.222222                0.276520
             7.333333                0.212569
             7.444444                0.153283
             7.555556                0.099183
             7.666667                0.050795
             7.777778                0.008640
             7.888889               -0.026758
             8.000000               -0.054876
             8.000000               -0.054876
             8.111111               -0.077714
             8.222222               -0.095085
             8.333333               -0.107499
             8.444444               -0.115466
             8.555556               -0.119496
             8.666667               -0.120099
             8.777778               -0.117785
             8.888889               -0.113065
             9.000000               -0.106448
             9.000000               -0.106448
             9.111111               -0.097993
             9.222222               -0.088294
             9.333333               -0.077518
             9.444444               -0.065833
             9.555556               -0.053408
             9.666667               -0.040411
             9.777778               -0.027009
             9.888889               -0.013371
            10.000000                0.000335
